generation,N_shifts,logPrior,logLik,eventRate,acceptRate
1,0,-1.37701,-320.928,1,0
5001,0,-1.68568,-280.511,0.88002,0.4006
10001,1,-3.467,-264.417,0.890088,0.5042
15001,2,-6.26512,-261.011,2.42749,0.4492
20001,1,-2.12155,-265.284,0.740671,0.4582
25001,2,-6.36568,-266.009,0.214784,0.5168
30001,1,-1.76847,-262.884,0.200779,0.486
35001,1,-4.13031,-264.393,1.16853,0.4692
40001,1,-2.67714,-268.118,0.3767,0.5118
45001,1,-3.04585,-263.894,0.585843,0.463
50001,1,-1.33015,-268.99,0.327855,0.4868
55001,1,-5.6227,-265.356,1.75754,0.5118
60001,1,-6.885,-265.153,3.62051,0.4356
65001,2,-2.13154,-269.182,0.131033,0.511
70001,2,-5.32703,-271.816,2.15766,0.521
75001,2,-6.60109,-259.8,1.339,0.4766
80001,1,-3.62161,-267.423,0.764608,0.4868
85001,2,-5.19639,-275.079,2.03007,0.5134
90001,2,-3.25821,-268.884,0.284354,0.4834
95001,1,-2.51544,-264.252,0.41476,0.476
100001,1,-3.17133,-264.172,0.388379,0.4692
105001,1,-5.04361,-270.879,2.73258,0.442
110001,1,-2.8567,-268.164,0.174188,0.433
115001,2,-6.9966,-266.207,1.90142,0.5432
120001,1,-6.26846,-267.168,2.55846,0.4558
125001,1,-2.66978,-264.563,0.487456,0.4508
130001,1,-2.73154,-266.401,0.664982,0.5226
135001,1,-2.38772,-263.454,0.277542,0.4946
140001,1,-2.43478,-263.928,0.370962,0.4848
145001,1,-2.17179,-267.305,0.405824,0.47
150001,2,-5.05335,-264.049,1.93171,0.4628
155001,3,-7.62821,-263.224,2.42594,0.4852
160001,1,-2.58065,-264.252,0.30793,0.5216
165001,2,-7.8276,-262.323,2.40642,0.4608
170001,1,-2.618,-266.794,0.0764379,0.5212
175001,1,-6.71167,-267.516,2.63927,0.4668
180001,3,-4.49111,-265.674,0.107979,0.4604
185001,1,-5.42288,-265.548,2.66809,0.4572
190001,1,-4.3367,-265.05,2.46175,0.5134
195001,1,-2.35902,-262.849,0.074499,0.4674
200001,1,-2.60537,-266.661,0.385656,0.4374
205001,2,-8.90281,-262.914,0.340169,0.499
210001,2,-5.11166,-261.749,0.884097,0.498
215001,2,-4.46753,-266.619,0.83124,0.488
220001,2,-6.2335,-263.706,0.741019,0.441
225001,1,-3.93914,-264.508,1.1023,0.4674
230001,1,-1.95196,-263.25,0.0621261,0.4834
235001,1,-2.44361,-265.26,0.0473823,0.4534
240001,2,-4.08568,-265.259,0.0489584,0.4718
245001,2,-3.39605,-267.482,0.139845,0.474
250001,1,-3.60339,-264.756,1.34273,0.438
255001,2,-4.38665,-268.614,0.424948,0.4836
260001,1,-3.28641,-268.069,0.623478,0.4906
265001,1,-5.42387,-266.016,3.57337,0.4724
270001,1,-2.35985,-267.118,0.401471,0.4582
275001,1,-2.95979,-264.189,0.480662,0.4754
280001,1,-2.7541,-267.843,0.333008,0.4748
285001,1,-1.95869,-264.794,0.0525204,0.4478
290001,1,-2.50288,-265.838,0.460925,0.5004
295001,1,-4.72006,-266.991,1.7622,0.5056
300001,1,-1.18178,-267.684,0.0259288,0.4796
305001,1,-2.87377,-263.115,1.10279,0.4792
310001,1,-3.01694,-268.638,0.831186,0.4626
315001,2,-5.99212,-262.195,1.48664,0.4992
320001,1,-7.67902,-265.245,5.7321,0.4836
325001,2,-4.82498,-266.815,1.16222,0.4584
330001,1,-3.87456,-264.975,1.33077,0.4566
335001,1,-2.19828,-269.165,0.0224132,0.4896
340001,2,-4.76456,-268.127,1.38191,0.479
345001,1,-2.35618,-267.652,0.513614,0.4672
350001,1,-1.97812,-266.484,0.0242204,0.4922
355001,2,-4.28528,-261.306,0.122186,0.5322
360001,1,-2.80445,-263.984,0.267026,0.476
365001,2,-6.37962,-264.065,0.917686,0.4708
370001,1,-7.09565,-266.747,4.52144,0.4572
375001,1,-7.70143,-264.27,3.83844,0.4562
380001,3,-5.67365,-260.036,0.620343,0.5074
385001,2,-3.57664,-267.079,0.958827,0.46
390001,1,-5.0374,-267.055,0.140645,0.499
395001,1,-7.56828,-262.308,5.61386,0.4796
400001,2,-7.80328,-259.73,0.63514,0.4852
405001,2,-4.25397,-268.027,0.111621,0.491
410001,1,-1.99627,-266.396,0.275728,0.4954
415001,2,-7.05112,-264.273,2.9552,0.4992
420001,2,-6.61194,-262.394,1.80186,0.519
425001,3,-4.80366,-264.362,0.975524,0.4998
430001,1,-2.07619,-266.876,0.0883208,0.4768
435001,1,-3.65855,-264.782,1.74009,0.4784
440001,1,-2.57525,-263.157,0.359329,0.4826
445001,1,-2.71818,-265.888,0.920264,0.467
450001,1,-2.43551,-264.226,0.390273,0.4728
455001,2,-3.60812,-260.044,0.1521,0.4988
460001,1,-3.77883,-268.27,0.93589,0.4548
465001,2,-7.52732,-265.243,1.10853,0.4816
470001,3,-6.16074,-261.984,1.0186,0.4962
475001,2,-6.14056,-266.698,0.0953404,0.5
480001,2,-10.8734,-268.306,1.46584,0.4748
485001,2,-4.5865,-265.607,1.55973,0.4814
490001,1,-3.05295,-264.287,0.702242,0.4832
495001,2,-5.88529,-267.854,0.803163,0.4992
500001,2,-4.37835,-259.27,0.822115,0.4558
505001,1,-3.57328,-267.117,0.593857,0.4778
510001,2,-4.46667,-260.922,0.0723991,0.438
515001,2,-5.39506,-258.93,0.713305,0.4844
520001,1,-3.39902,-264.297,0.143497,0.4564
525001,1,-4.62517,-265.649,2.32733,0.4534
530001,3,-7.31328,-264.522,1.13585,0.452
535001,2,-8.16909,-261.14,1.61556,0.5454
540001,1,-4.81454,-267.31,3.29454,0.461
545001,1,-3.43523,-268.034,1.48319,0.47
550001,1,-5.86825,-267.165,1.59522,0.4576
555001,1,-2.54268,-267.262,0.635366,0.4938
560001,1,-2.00631,-269.319,0.24372,0.4776
565001,1,-2.88581,-265.231,0.837097,0.4848
570001,1,-2.43397,-269.397,0.348183,0.4734
575001,1,-4.34574,-265.276,1.50099,0.4882
580001,2,-6.06487,-268.331,0.165698,0.4952
585001,1,-4.81754,-266.104,3.14984,0.5736
590001,1,-2.61846,-263.658,0.764086,0.4784
595001,2,-4.13684,-258.376,0.774346,0.4988
600001,2,-4.64221,-258.588,0.524017,0.5038
605001,1,-4.89397,-271.548,3.13521,0.485
610001,2,-4.7699,-263.907,0.409339,0.4884
615001,1,-2.83393,-266.055,0.0803101,0.497
620001,1,-6.25297,-262.938,3.3623,0.5246
625001,1,-3.26684,-262.314,0.766388,0.4888
630001,1,-1.88783,-269.876,0.02865,0.4886
635001,1,-2.96896,-263.853,0.475941,0.4818
640001,1,-4.29931,-266.898,2.06499,0.4938
645001,1,-2.5782,-265.861,0.1045,0.4666
650001,1,-5.15121,-264.889,1.21337,0.479
655001,2,-5.07183,-267.829,1.29066,0.471
660001,2,-5.90385,-262.439,0.978233,0.484
665001,1,-3.33073,-264.212,0.679504,0.4752
670001,1,-2.48303,-265.685,0.289462,0.455
675001,1,-3.07603,-267.54,0.818797,0.4922
680001,3,-8.93372,-264.965,2.74532,0.4496
685001,1,-2.3135,-264.668,0.808778,0.5206
690001,1,-3.08472,-265.631,0.367105,0.461
695001,2,-4.14122,-266.879,0.477796,0.4832
700001,1,-4.38893,-271.613,1.51284,0.4964
705001,4,-8.79982,-259.224,1.60076,0.502
710001,1,-2.45525,-265.095,0.431727,0.5016
715001,1,-3.32946,-264.259,0.707176,0.4684
720001,1,-2.51654,-267.1,1.00469,0.4756
725001,3,-5.90075,-257.343,1.18658,0.4976
730001,2,-4.7856,-254.235,0.705785,0.5062
735001,3,-5.21226,-260.274,0.930117,0.5122
740001,2,-4.79915,-261.67,0.56059,0.5132
745001,2,-3.83564,-264.399,0.0229065,0.5196
750001,1,-3.23463,-267.243,0.717592,0.48
755001,1,-2.05128,-265.663,0.220564,0.4958
760001,3,-7.29482,-267.738,1.73145,0.4944
765001,1,-6.05217,-262.983,3.31479,0.4628
770001,1,-3.65308,-266.22,0.943495,0.4492
775001,2,-5.69789,-266.918,0.902865,0.4854
780001,1,-2.45147,-271.007,1.08569,0.4812
785001,1,-2.18056,-265.913,0.0366817,0.5036
790001,1,-1.44931,-268.401,0.091628,0.4706
795001,2,-5.75208,-268.166,0.58557,0.5218
800001,2,-2.85141,-264.071,0.0486158,0.5246
805001,3,-6.04351,-267.921,0.0131718,0.521
810001,1,-4.8924,-263.987,2.08281,0.464
815001,1,-1.93346,-269.013,0.180785,0.4634
820001,1,-3.18189,-270.097,0.532128,0.482
825001,1,-1.81562,-268.415,0.197817,0.4628
830001,1,-3.17815,-263.733,0.398964,0.4778
835001,1,-3.21755,-264.206,0.496442,0.4852
840001,1,-2.26849,-262.182,0.042897,0.492
845001,1,-3.19848,-262.726,0.158293,0.4682
850001,2,-6.90334,-270.201,2.48351,0.4852
855001,1,-2.28471,-265.704,0.620934,0.4762
860001,2,-7.30737,-261.508,0.491182,0.4996
865001,2,-5.20234,-264.764,0.901531,0.5004
870001,1,-7.42069,-270.291,1.88775,0.4626
875001,2,-5.94529,-264.363,0.443644,0.469
880001,2,-3.18614,-265.34,0.332431,0.4636
885001,3,-8.78363,-260.124,2.18344,0.5416
890001,3,-4.28691,-267.527,0.0541505,0.511
895001,2,-5.85052,-256.575,0.556091,0.5028
900001,4,-10.5212,-260.199,1.79586,0.4624
905001,1,-2.29076,-269.563,0.663786,0.4858
910001,2,-3.8938,-266.356,0.52687,0.466
915001,1,-3.18633,-264.069,1.33073,0.4872
920001,1,-3.21523,-267.138,0.458795,0.4478
925001,2,-3.23678,-263.098,0.0926429,0.4544
930001,1,-4.18335,-266.925,2.25701,0.5226
935001,1,-1.72235,-267.211,0.121909,0.4522
940001,2,-6.33595,-266.624,2.68423,0.5056
945001,1,-4.86482,-265.123,0.996002,0.5388
950001,1,-2.26451,-270.512,0.666747,0.4248
955001,1,-3.32222,-266.604,1.77114,0.468
960001,1,-2.68581,-265.607,0.0424144,0.4494
965001,2,-5.89737,-266.598,2.22267,0.4712
970001,3,-6.30045,-265.736,1.23942,0.49
975001,2,-3.97188,-265.663,0.689231,0.436
980001,1,-7.70045,-265.846,5.24813,0.4636
985001,1,-1.93676,-263.493,0.245944,0.4518
990001,2,-2.76816,-263.203,0.436971,0.478
995001,2,-6.71703,-267.271,2.23042,0.4826
1000001,1,-2.76101,-267.668,0.948855,0.5258
1005001,1,-2.78194,-269.058,1.37616,0.4834
1010001,1,-2.3553,-268.821,0.0941171,0.4506
1015001,2,-9.15446,-265.027,1.50691,0.471
1020001,1,-2.18149,-264.277,0.441818,0.5018
1025001,1,-5.02239,-264.775,2.03301,0.4696
1030001,2,-3.29734,-268.272,0.621932,0.4696
1035001,3,-6.48166,-263.724,0.257744,0.4596
1040001,1,-2.41995,-264.949,0.767061,0.4874
1045001,1,-2.54845,-268.431,0.476819,0.4532
1050001,1,-2.59656,-262.92,0.105395,0.4972
1055001,3,-13.0282,-262.597,3.87631,0.4654
1060001,1,-8.85422,-270.175,5.31536,0.4772
1065001,1,-4.29897,-267.209,1.94691,0.4808
1070001,1,-3.24707,-268.041,1.63201,0.484
1075001,2,-2.12383,-269.671,0.0865856,0.4702
1080001,2,-5.67039,-265.106,0.614543,0.5026
1085001,1,-4.10266,-262.869,1.26348,0.5022
1090001,1,-4.23529,-270.428,1.15182,0.4466
1095001,1,-5.94807,-262.975,3.11437,0.4546
1100001,1,-3.06105,-265.308,0.995057,0.4866
1105001,1,-2.69613,-265.812,1.06804,0.4746
1110001,2,-4.53753,-261.138,0.665046,0.5394
1115001,1,-2.4003,-264.548,0.151861,0.4866
1120001,2,-3.53609,-260.247,0.190878,0.5252
1125001,1,-2.90094,-265.392,0.815104,0.4872
1130001,1,-5.52376,-264.908,2.4811,0.5042
1135001,2,-7.0624,-260.871,1.15099,0.4934
1140001,1,-3.08897,-266.685,1.16659,0.4998
1145001,1,-2.7611,-268.195,0.608054,0.4596
1150001,2,-4.00705,-266.983,0.803554,0.5392
1155001,2,-4.99771,-265.467,1.14372,0.486
1160001,3,-7.55407,-263.425,0.420601,0.4994
1165001,1,-4.02218,-264.967,1.31441,0.487
1170001,2,-4.75768,-263.451,0.735222,0.4834
1175001,1,-3.48925,-270.035,0.91807,0.495
1180001,2,-3.64531,-264.993,0.106871,0.4936
1185001,2,-5.15114,-261.478,0.423371,0.4488
1190001,1,-2.31746,-267.852,0.927491,0.5094
1195001,3,-8.37828,-271.884,1.52894,0.4738
1200001,1,-7.19889,-267.797,2.26832,0.5132
1205001,2,-4.23647,-268.139,0.451729,0.4544
1210001,1,-3.19999,-263.67,1.57644,0.5162
1215001,1,-3.07863,-264.144,0.618969,0.4584
1220001,1,-3.20225,-266.148,0.905421,0.4966
1225001,2,-7.05853,-269.119,2.62238,0.4604
1230001,1,-2.42522,-265.074,0.28007,0.4628
1235001,1,-4.36859,-268.617,1.11256,0.4504
1240001,1,-3.86262,-264.291,1.14354,0.508
1245001,2,-7.67649,-265.359,1.9213,0.469
1250001,3,-6.22051,-264.259,0.346519,0.492
1255001,2,-2.8956,-261.715,0.36282,0.5058
1260001,1,-3.18152,-268.683,0.0822945,0.4828
1265001,2,-3.02161,-267.797,0.363583,0.508
1270001,2,-3.935,-260.216,0.438952,0.4828
1275001,2,-10.2719,-264.007,2.4561,0.4538
1280001,1,-2.69194,-263.288,0.506109,0.4662
1285001,2,-5.00393,-264.81,1.05103,0.4804
1290001,1,-4.06268,-267.596,0.703657,0.4634
1295001,1,-2.96424,-265.248,0.734686,0.4752
1300001,2,-5.40395,-264.267,0.252618,0.4528
1305001,1,-3.29214,-268.725,0.567704,0.4602
1310001,1,-2.80067,-263.585,1.30351,0.4782
1315001,1,-2.4453,-271.48,0.65529,0.4786
1320001,1,-3.03792,-263.481,0.590538,0.4674
1325001,1,-2.40457,-269.348,0.473536,0.4744
1330001,1,-2.16828,-265.327,0.516327,0.4478
1335001,1,-3.16322,-268.823,0.638284,0.466
1340001,1,-2.05199,-269.752,0.466038,0.4728
1345001,1,-3.80225,-263.995,0.840463,0.4572
1350001,2,-2.98423,-264.451,0.264007,0.4788
1355001,1,-2.86771,-268.527,0.0703726,0.508
1360001,1,-3.11968,-266.131,1.25164,0.4816
1365001,2,-4.10538,-266.05,0.388492,0.486
1370001,1,-2.19549,-267.219,0.65242,0.4772
1375001,1,-3.16132,-265.411,0.933442,0.4742
1380001,1,-1.92892,-266.964,0.356667,0.448
1385001,2,-8.41278,-264.087,0.978436,0.4776
1390001,2,-4.54311,-262.584,0.316895,0.5278
1395001,1,-2.3437,-267.889,0.834537,0.4952
1400001,1,-3.80965,-272.698,1.56072,0.5064
1405001,1,-2.41906,-263.212,0.276625,0.471
1410001,1,-1.98898,-265.589,0.289452,0.4646
1415001,1,-5.16798,-266.331,1.14528,0.479
1420001,1,-2.42503,-264.709,0.253099,0.5148
1425001,1,-3.16345,-268.625,0.200796,0.4616
1430001,2,-6.16678,-264.511,0.0031218,0.4784
1435001,1,-5.22161,-263.886,2.29097,0.477
1440001,1,-3.05005,-267.76,0.919371,0.4686
1445001,1,-2.68372,-264.19,0.145342,0.4796
1450001,1,-2.13001,-266.859,0.396024,0.467
1455001,2,-5.77116,-264.282,1.20181,0.4334
1460001,2,-5.26357,-266.875,0.235668,0.5132
1465001,1,-2.72172,-264.155,0.338942,0.4682
1470001,2,-4.56693,-262.487,0.501107,0.46
1475001,1,-1.86878,-267.308,0.374639,0.5208
1480001,2,-4.51693,-261.734,0.553837,0.4878
1485001,1,-2.72754,-269.35,1.46611,0.5114
1490001,2,-4.81802,-263.212,0.947871,0.5392
1495001,1,-2.61833,-266.256,0.123707,0.4996
1500001,2,-4.96569,-264.628,0.285988,0.4686
1505001,1,-4.84061,-267.222,1.79317,0.494
1510001,2,-3.11604,-263.23,0.0425978,0.4888
1515001,1,-2.17846,-263.831,0.654945,0.5462
1520001,1,-2.64856,-266.817,1.2756,0.4816
1525001,2,-5.979,-264.89,0.736682,0.4418
1530001,1,-5.47976,-267.76,2.5258,0.4624
1535001,3,-7.72303,-264.957,3.24273,0.4612
1540001,1,-3.01821,-265.508,0.106067,0.4714
1545001,1,-2.68382,-263.972,0.135889,0.4906
1550001,1,-5.79811,-265.95,2.47799,0.4616
1555001,1,-4.61862,-264.418,1.0008,0.4852
1560001,2,-8.26917,-261.967,0.150401,0.4864
1565001,1,-7.10728,-263.276,4.46135,0.4798
1570001,1,-2.31751,-264.587,0.281911,0.4938
1575001,1,-1.84881,-266.163,0.181986,0.466
1580001,1,-2.19158,-266.533,0.269189,0.464
1585001,1,-3.26365,-267.649,0.80755,0.5102
1590001,1,-2.83961,-264.247,0.156559,0.4824
1595001,1,-2.0846,-265.605,0.530759,0.4794
1600001,1,-5.65448,-264.37,2.99125,0.4448
1605001,2,-2.71814,-265.937,0.0679727,0.5164
1610001,2,-7.88043,-262.662,1.8769,0.4992
1615001,1,-3.62036,-267.941,1.63029,0.4878
1620001,1,-2.8351,-267.688,1.20021,0.4692
1625001,2,-5.84945,-267.898,1.05434,0.447
1630001,1,-2.7985,-265.308,0.622874,0.468
1635001,1,-1.36967,-267.008,0.0270613,0.4664
1640001,1,-4.61196,-263.987,2.61028,0.4642
1645001,1,-3.88197,-266.567,0.298017,0.4726
1650001,1,-2.87236,-266.442,0.383516,0.4854
1655001,2,-3.7184,-265.021,0.840138,0.4284
1660001,1,-4.708,-264.558,1.58276,0.4712
1665001,1,-4.44757,-265.456,2.47163,0.4798
1670001,2,-3.70025,-264.204,0.397459,0.4704
1675001,1,-4.16781,-270.667,0.577511,0.4454
1680001,2,-5.70945,-264.031,1.74083,0.4744
1685001,2,-3.60149,-263.699,0.219924,0.493
1690001,1,-3.93745,-269.205,0.293413,0.4674
1695001,1,-2.37655,-262.481,0.0837426,0.4786
1700001,1,-3.20898,-263.178,0.932856,0.4672
1705001,2,-5.82134,-261.112,0.597772,0.475
1710001,1,-2.12071,-270.192,0.936337,0.4806
1715001,1,-3.43111,-270.192,1.42243,0.5006
1720001,1,-2.66066,-263.945,0.303538,0.4646
1725001,2,-4.61354,-263.874,1.55466,0.471
1730001,1,-5.55125,-270.065,0.109789,0.4822
1735001,1,-2.96619,-265.869,0.446835,0.495
1740001,2,-7.39969,-272.352,1.47921,0.5274
1745001,1,-2.57358,-266.9,0.00726748,0.473
1750001,1,-3.46747,-269.734,1.66863,0.5084
1755001,2,-4.60674,-271.234,1.37387,0.507
1760001,0,-2.17453,-278.986,1.6418,0.5062
1765001,0,-1.0135,-279.856,0.601092,0.4542
1770001,0,-1.17025,-278.507,0.575395,0.3648
1775001,0,-1.42683,-278.332,0.948824,0.3674
1780001,1,-2.14826,-269.906,0.433949,0.5498
1785001,1,-2.09517,-271.03,0.218827,0.5256
1790001,2,-5.16054,-262.323,1.67825,0.4842
1795001,3,-9.26472,-261.432,1.39453,0.48
1800001,1,-2.46534,-263.715,0.213912,0.487
1805001,1,-3.05662,-266.819,0.126349,0.4552
1810001,2,-4.99914,-264.162,0.64106,0.4964
1815001,1,-2.23026,-265.582,0.719709,0.4588
1820001,3,-7.55405,-267.239,1.19037,0.493
1825001,1,-2.56946,-266.868,0.609299,0.4854
1830001,1,-3.12555,-263.549,1.3216,0.471
1835001,2,-3.86697,-268.501,1.08645,0.4816
1840001,2,-5.97682,-265.31,2.03323,0.5228
1845001,2,-9.44446,-265.766,2.12859,0.4986
1850001,2,-3.39792,-269.766,0.66018,0.4608
1855001,2,-8.55492,-268.515,3.27874,0.487
1860001,1,-3.98784,-264.224,0.939473,0.5062
1865001,1,-2.64578,-266.493,0.444403,0.4674
1870001,1,-3.78541,-263.954,1.40722,0.4808
1875001,1,-4.11751,-266.423,1.17456,0.4814
1880001,2,-6.74747,-263.474,1.87697,0.4712
1885001,1,-2.13511,-266.818,0.0665036,0.484
1890001,1,-2.48018,-265.455,0.695364,0.5044
1895001,2,-6.22418,-263.083,0.0402893,0.4766
1900001,2,-3.98206,-265.066,0.527453,0.4934
1905001,2,-4.37204,-259.98,1.10311,0.503
1910001,1,-3.72718,-272.483,0.692074,0.4708
1915001,1,-2.75887,-268.142,1.02048,0.4692
1920001,1,-3.5202,-270.174,0.992673,0.46
1925001,1,-3.18792,-263.635,1.50799,0.434
1930001,1,-2.95133,-267.723,0.923036,0.4888
1935001,1,-2.22084,-265.572,0.454673,0.4758
1940001,1,-2.23058,-266.391,0.0915945,0.4618
1945001,1,-3.08211,-267.498,0.678874,0.474
1950001,4,-9.19411,-262.179,1.3422,0.5446
1955001,2,-5.28613,-261.615,0.851199,0.4702
1960001,1,-3.17255,-265.55,0.543717,0.5014
1965001,2,-11.5771,-262.15,3.29829,0.4944
1970001,2,-7.64215,-261.386,1.34615,0.4736
1975001,2,-4.40009,-263.997,0.137052,0.4646
1980001,3,-3.85427,-265.942,0.0164792,0.4548
1985001,1,-2.55941,-267.06,0.970981,0.4926
1990001,1,-2.40236,-270.471,0.0391828,0.4742
1995001,4,-7.70967,-266.18,0.472815,0.5072
2000001,1,-4.25514,-264.61,2.17251,0.4772
2005001,1,-2.10221,-265.232,0.171253,0.4274
2010001,2,-9.62477,-269.717,2.16271,0.5068
2015001,2,-8.99544,-261.937,4.09792,0.5074
2020001,2,-4.83387,-261.046,0.280642,0.465
2025001,3,-6.99337,-259.468,0.804343,0.4802
2030001,1,-2.71344,-264.773,0.0659874,0.519
2035001,1,-4.10951,-265.666,2.04748,0.5068
2040001,2,-6.18039,-264.086,0.818158,0.4572
2045001,1,-3.32187,-265.993,0.949986,0.4536
2050001,3,-12.5942,-267.017,2.94449,0.4868
2055001,2,-4.3574,-262.972,0.388384,0.519
2060001,1,-5.26667,-263.643,3.16146,0.5056
2065001,2,-3.739,-261.954,0.332463,0.4878
2070001,1,-1.71546,-264.859,0.115453,0.5378
2075001,2,-6.05512,-269.204,2.5734,0.4912
2080001,3,-9.04564,-265.44,2.02722,0.5072
2085001,2,-4.70954,-264.096,0.346989,0.4856
2090001,1,-3.91585,-265.626,1.22275,0.5078
2095001,1,-4.94583,-270.23,1.12727,0.4474
2100001,1,-2.59423,-266.084,0.582147,0.4962
2105001,2,-4.25083,-268.062,0.9599,0.4892
2110001,1,-3.46667,-268.027,0.911592,0.5212
2115001,3,-8.80053,-263.822,0.684665,0.437
2120001,2,-4.63994,-262.271,1.03526,0.4698
2125001,2,-9.68098,-261.077,1.91951,0.495
2130001,1,-3.15135,-269.38,0.459481,0.4494
2135001,1,-4.35583,-263.91,1.48564,0.4592
2140001,1,-2.68019,-266.24,0.862258,0.4992
2145001,1,-1.74504,-265.103,0.0436142,0.4266
2150001,1,-3.58499,-270.313,0.987334,0.5074
2155001,1,-3.66591,-267.675,2.36391,0.477
2160001,1,-3.90563,-264.333,1.75896,0.463
2165001,1,-7.13698,-264.311,4.16916,0.518
2170001,3,-7.17394,-259.011,0.495489,0.5062
2175001,1,-3.27623,-264.023,1.3739,0.471
2180001,1,-3.3606,-266.489,0.697891,0.4538
2185001,2,-5.29816,-254.392,0.351059,0.5216
2190001,2,-8.35683,-262.155,3.12618,0.4878
2195001,2,-5.90193,-256.876,0.797903,0.5078
2200001,1,-2.95696,-265.281,0.888721,0.5048
2205001,2,-5.40918,-269.976,1.00189,0.4664
2210001,1,-2.19357,-263.558,0.269477,0.4862
2215001,2,-8.04449,-265.153,4.87756,0.5044
2220001,2,-3.203,-265.192,0.145616,0.503
2225001,1,-4.13247,-267.705,1.65545,0.5118
2230001,1,-2.74058,-269.192,1.21703,0.5488
2235001,1,-5.33061,-263.499,2.76851,0.5042
2240001,2,-3.32663,-263.737,0.326632,0.4558
2245001,1,-7.50626,-270.883,2.2993,0.461
2250001,1,-3.96667,-263.05,1.49268,0.4714
2255001,1,-3.59021,-264.857,0.385523,0.4566
2260001,1,-3.89637,-263.654,1.93766,0.4992
2265001,3,-5.24436,-261.995,0.0449894,0.5166
2270001,1,-2.15413,-268.379,0.162455,0.5256
2275001,1,-4.34273,-266.087,2.16287,0.4728
2280001,2,-10.8753,-264.896,0.757492,0.4662
2285001,1,-3.54441,-266.798,0.910578,0.5078
2290001,2,-6.13747,-263.278,3.14125,0.4772
2295001,2,-4.32016,-269.681,0.104062,0.4896
2300001,1,-2.70962,-267.199,0.332566,0.5128
2305001,2,-6.81938,-266.481,0.190397,0.479
2310001,1,-3.58435,-264.876,2.06921,0.4784
2315001,1,-3.76566,-265.345,0.403861,0.5114
2320001,2,-4.14162,-266.538,0.184859,0.4672
2325001,1,-2.18002,-265.693,0.098413,0.4416
2330001,1,-2.38897,-268.529,0.492516,0.4638
2335001,1,-1.84876,-263.42,0.0116438,0.4674
2340001,1,-3.16473,-265.497,1.16507,0.4934
2345001,1,-3.58902,-265.535,0.513991,0.4662
2350001,2,-8.33026,-270.728,3.40353,0.4638
2355001,1,-3.49273,-265.762,0.00652334,0.4874
2360001,2,-5.5591,-260.559,0.601398,0.4696
2365001,1,-2.47261,-269.388,0.0862282,0.4918
2370001,1,-6.59773,-263.069,4.08986,0.4514
2375001,1,-4.76059,-269.183,2.99487,0.509
2380001,2,-3.44358,-263.443,0.131168,0.5124
2385001,1,-4.0844,-267.813,1.6143,0.4508
2390001,1,-2.69882,-263.927,0.67441,0.4736
2395001,2,-8.61808,-262.722,0.558099,0.4834
2400001,1,-3.96724,-263.812,1.23821,0.467
2405001,1,-1.67404,-263.703,0.08339,0.465
2410001,1,-3.14982,-264.596,1.18952,0.461
2415001,1,-4.66955,-265.098,2.16843,0.4492
2420001,1,-1.76138,-267.747,0.135012,0.4996
2425001,1,-3.98607,-263.915,0.818359,0.4576
2430001,1,-3.90425,-265.596,0.964109,0.502
2435001,1,-2.34865,-267.077,0.728711,0.4862
2440001,1,-3.57082,-268.143,2.3068,0.4962
2445001,2,-6.99605,-265.632,0.0473469,0.5002
2450001,1,-1.56791,-268.295,0.255181,0.507
2455001,1,-3.03173,-268.444,0.941749,0.4716
2460001,1,-2.99666,-266.343,0.610055,0.4252
2465001,3,-9.21011,-263.478,0.423285,0.4798
2470001,2,-4.9314,-267.458,0.379364,0.4866
2475001,1,-2.19502,-264.217,0.309039,0.4808
2480001,2,-7.75989,-268.027,0.0918962,0.4562
2485001,2,-4.77641,-267.484,0.106028,0.4518
2490001,2,-7.14452,-268.468,2.68054,0.4854
2495001,2,-7.9858,-265.24,0.661688,0.4962
2500001,2,-2.79539,-265.246,0.693517,0.4768
2505001,1,-2.56114,-262.036,0.399821,0.481
2510001,2,-6.44544,-263.228,1.89091,0.4912
2515001,1,-4.86562,-264.709,1.94096,0.4514
2520001,1,-2.11423,-263.049,0.182591,0.4586
2525001,2,-4.04869,-264.148,0.499424,0.486
2530001,2,-5.05977,-267.829,0.431822,0.4666
2535001,2,-4.89523,-266.037,1.11489,0.481
2540001,2,-6.55856,-263.872,1.98755,0.4808
2545001,1,-6.00742,-264.14,4.27444,0.4894
2550001,1,-4.53111,-266.802,2.6844,0.4786
2555001,1,-4.48055,-267.109,2.33697,0.4906
2560001,1,-3.9218,-264.532,1.00382,0.4864
2565001,1,-3.66102,-266.497,0.534318,0.475
2570001,2,-5.87531,-267.106,1.83824,0.4654
2575001,2,-3.63051,-265.829,0.985124,0.493
2580001,1,-3.22353,-265.176,0.517332,0.479
2585001,1,-4.25917,-266.946,1.46822,0.4606
2590001,2,-7.35013,-265.459,0.353726,0.4256
2595001,1,-5.10775,-264.227,3.28944,0.488
2600001,1,-2.80765,-266.926,0.756542,0.4882
2605001,2,-5.82191,-264,1.96587,0.4498
2610001,3,-9.06721,-259.481,0.535357,0.502
2615001,2,-9.4902,-256.965,1.10177,0.5156
2620001,2,-5.85282,-263.164,1.32415,0.5538
2625001,3,-9.81218,-262.669,1.74894,0.5038
2630001,4,-11.3294,-261.182,2.30845,0.5052
2635001,2,-8.55049,-257.287,2.24904,0.5456
2640001,4,-14.0361,-254.122,3.3037,0.5114
2645001,2,-4.05346,-260.621,0.727224,0.5196
2650001,3,-8.14161,-256.808,1.77769,0.5308
2655001,3,-9.78686,-255.202,1.62013,0.531
2660001,1,-2.44082,-269.007,1.23087,0.4892
2665001,3,-11.5944,-258.56,1.8105,0.4654
2670001,2,-4.13317,-261.99,0.0752145,0.4904
2675001,3,-10.6424,-256.304,1.19868,0.5176
2680001,3,-6.05044,-255.623,0.0742468,0.5194
2685001,2,-3.79509,-259.916,0.230692,0.5048
2690001,2,-8.6799,-262.392,2.27404,0.506
2695001,1,-3.21677,-264.493,0.675302,0.4796
2700001,1,-4.82207,-270.734,1.60924,0.4756
2705001,1,-3.58558,-263.172,1.84055,0.4734
2710001,1,-2.21512,-265.367,0.368356,0.5318
2715001,1,-5.55519,-267.381,2.24954,0.4658
2720001,1,-4.32141,-267.975,1.15578,0.457
2725001,2,-6.89462,-261.509,2.36018,0.5102
2730001,1,-2.70997,-264.668,1.20004,0.5224
2735001,1,-2.58334,-267.225,0.168887,0.4644
2740001,0,-0.860101,-279.351,0.200213,0.391
2745001,0,-0.772948,-278.907,0.190001,0.3158
2750001,1,-3.07772,-278.252,0.955819,0.4354
2755001,2,-2.82206,-267.286,0.390292,0.485
2760001,1,-3.24594,-270.428,0.195022,0.4652
2765001,1,-4.11705,-265.883,1.1853,0.447
2770001,1,-3.18729,-264.688,0.587673,0.483
2775001,2,-5.73191,-262.289,3.53887,0.4944
2780001,1,-3.11667,-264.648,0.91961,0.4682
2785001,1,-3.0698,-263.313,0.344436,0.4712
2790001,1,-3.64288,-263.402,1.17475,0.4766
2795001,3,-5.55685,-264.657,0.844502,0.4882
2800001,3,-7.80305,-256.498,0.0761113,0.5148
2805001,3,-5.98725,-260.024,0.271648,0.5172
2810001,2,-4.29983,-261.74,0.630625,0.5152
2815001,1,-4.92081,-264.486,2.91256,0.5106
2820001,1,-3.72113,-267.516,1.32742,0.4732
2825001,1,-2.36512,-268.104,0.9624,0.5144
2830001,1,-2.29406,-266.645,0.826452,0.4934
2835001,1,-6.13549,-264.992,3.98158,0.485
2840001,2,-2.44755,-267.253,0.596364,0.4568
2845001,1,-2.64957,-267.288,0.375383,0.49
2850001,1,-3.73665,-265.714,1.57464,0.5296
2855001,2,-8.13357,-262.801,1.71097,0.4662
2860001,2,-4.31352,-263.307,0.322938,0.502
2865001,1,-1.89116,-265.46,0.287247,0.5136
2870001,1,-1.34899,-266.07,0.0895304,0.5098
2875001,2,-6.65068,-263.625,2.84146,0.5002
2880001,2,-5.15234,-263.61,0.052695,0.486
2885001,2,-3.99381,-266.893,0.282638,0.5106
2890001,1,-3.30939,-267.398,0.678862,0.4782
2895001,2,-7.2872,-265.844,0.1915,0.4872
2900001,2,-5.87947,-262.508,0.401286,0.4872
2905001,2,-4.27806,-261.504,0.648909,0.551
2910001,2,-6.67231,-262.697,0.565744,0.4498
2915001,2,-6.10302,-266.613,0.586143,0.4796
2920001,2,-5.04606,-262.589,0.357245,0.4936
2925001,2,-3.40494,-265.431,0.586239,0.4886
2930001,1,-5.34017,-265.793,1.6179,0.4916
2935001,1,-1.62574,-264.292,0.0270139,0.4934
2940001,1,-2.13432,-268.234,0.669745,0.4812
2945001,1,-5.1084,-269.565,0.731378,0.503
2950001,2,-6.3619,-263.266,0.712617,0.4948
2955001,1,-6.08792,-264.357,3.20446,0.4808
2960001,1,-2.1826,-264.592,0.135791,0.4666
2965001,4,-7.85487,-265.457,0.396943,0.4812
2970001,1,-3.56316,-264.056,0.82571,0.5302
2975001,1,-3.26599,-264.247,0.0538525,0.5262
2980001,2,-5.81663,-254.69,0.16672,0.4918
2985001,2,-10.3288,-255.04,5.44261,0.4914
2990001,2,-8.36631,-258.792,1.96736,0.5044
2995001,2,-5.60356,-257.174,0.0617431,0.531
3000001,1,-2.59513,-266.464,1.03204,0.4928
3005001,2,-7.63192,-262.752,0.261331,0.4758
3010001,1,-1.60461,-267.761,0.163491,0.4852
3015001,1,-2.92628,-264.594,0.321914,0.5086
3020001,2,-7.19822,-269.852,2.97444,0.4712
3025001,1,-3.63589,-266.898,0.929047,0.4564
3030001,1,-2.80903,-268.064,1.0939,0.4618
3035001,1,-3.00454,-269.266,0.0959965,0.4768
3040001,1,-2.67567,-266.245,0.15569,0.4586
3045001,1,-2.57801,-262.357,0.641117,0.4702
3050001,1,-5.03275,-265.725,1.03688,0.4632
3055001,2,-4.67445,-263.666,0.995424,0.4688
3060001,4,-9.35493,-263.253,1.22972,0.528
3065001,1,-3.55885,-264.094,0.6502,0.5404
3070001,2,-4.2913,-265.1,0.692955,0.504
3075001,1,-2.88219,-269.043,1.63356,0.5028
3080001,2,-6.2643,-269.453,0.492345,0.4932
3085001,1,-3.74355,-266.975,1.68789,0.4588
3090001,1,-3.55568,-264.93,0.634944,0.4644
3095001,1,-4.4442,-264.454,2.59175,0.4636
3100001,1,-2.09935,-262.731,0.0415914,0.4716
3105001,2,-4.38447,-263.984,1.03017,0.471
3110001,1,-3.29151,-269.322,0.57448,0.4578
3115001,1,-5.4318,-267.947,1.66682,0.4736
3120001,1,-2.68216,-264.11,0.134975,0.457
3125001,2,-4.09982,-271.782,1.14583,0.4872
3130001,1,-2.85085,-264.295,0.818875,0.492
3135001,2,-5.92269,-267.515,0.794002,0.4814
3140001,1,-4.50843,-267.629,1.1651,0.4476
3145001,1,-3.32043,-267.432,1.18967,0.4926
3150001,1,-4.13172,-267.663,2.6486,0.477
3155001,2,-7.12119,-265.387,0.24704,0.471
3160001,1,-2.42019,-263.894,0.648035,0.4894
3165001,1,-3.37333,-262.624,1.12159,0.475
3170001,1,-3.14191,-263.134,1.2811,0.5254
3175001,1,-2.62347,-266.792,0.778727,0.4826
3180001,1,-2.68737,-267.95,0.0974638,0.4932
3185001,3,-8.92441,-259.633,0.324397,0.4704
3190001,1,-3.24934,-265.524,0.0111593,0.5084
3195001,1,-1.11123,-269.801,0.00087952,0.4824
3200001,1,-3.65598,-263.29,1.25677,0.4832
3205001,1,-3.26217,-262.909,1.22189,0.4926
3210001,1,-4.24285,-264.41,2.26988,0.4534
3215001,2,-7.16479,-266.974,0.571701,0.466
3220001,1,-2.08448,-266.494,0.111207,0.4546
3225001,1,-2.10529,-264.99,0.0733931,0.4528
3230001,2,-6.39522,-264.597,1.19271,0.4524
3235001,1,-2.16311,-265.102,0.064227,0.4486
3240001,1,-2.17217,-266.055,0.649681,0.4894
3245001,1,-3.89956,-263.362,1.40517,0.4702
3250001,1,-2.77112,-270.763,0.602682,0.4652
3255001,1,-2.21611,-265.022,0.428542,0.5094
3260001,1,-4.04714,-266.016,2.05081,0.463
3265001,1,-3.17502,-263.294,0.302506,0.44
3270001,1,-3.41686,-267.67,1.16488,0.5274
3275001,2,-5.88393,-265.589,0.414193,0.4824
3280001,1,-2.74992,-264.089,0.234894,0.4754
3285001,1,-3.2392,-263.852,0.939692,0.4802
3290001,1,-1.70987,-264.496,0.0822202,0.5002
3295001,1,-1.74339,-265.509,0.281094,0.5044
3300001,1,-1.70731,-269.27,0.050635,0.5222
3305001,2,-3.91441,-264.438,0.86659,0.527
3310001,1,-1.96802,-267.087,0.246387,0.4932
3315001,2,-6.73955,-261.788,1.28928,0.4716
3320001,2,-6.42783,-257.703,1.5523,0.5194
3325001,4,-13.4684,-253.003,0.313792,0.526
3330001,2,-5.68077,-262.226,1.15114,0.5048
3335001,1,-2.62523,-266.505,0.0181726,0.4632
3340001,1,-2.77073,-268.176,0.514701,0.4654
3345001,2,-7.6166,-270.944,3.72087,0.5014
3350001,1,-4.11371,-265.031,1.75637,0.4896
3355001,1,-3.13817,-265.491,1.10254,0.4616
3360001,1,-3.63071,-266.544,1.27534,0.4904
3365001,2,-4.89621,-264.835,0.794232,0.4858
3370001,1,-2.34604,-266.025,0.121521,0.4946
3375001,1,-2.6004,-264.552,0.369479,0.5046
3380001,1,-2.22149,-263.438,0.0310511,0.4652
3385001,1,-3.03932,-264.951,0.0847393,0.4776
3390001,2,-3.76512,-264.931,0.439089,0.4792
3395001,2,-4.21013,-262.989,0.818194,0.481
3400001,1,-3.74743,-264.414,1.0113,0.4632
3405001,2,-4.41428,-272.671,0.27077,0.4992
3410001,1,-2.21986,-263.992,0.911336,0.49
3415001,1,-3.19934,-263.143,1.5034,0.524
3420001,1,-4.46207,-264.541,2.2666,0.505
3425001,1,-2.23978,-264.088,0.137459,0.4812
3430001,1,-2.26376,-264.564,0.233965,0.4868
3435001,1,-3.32727,-264.808,1.4999,0.493
3440001,1,-3.88384,-263.71,2.21956,0.5066
3445001,1,-4.2971,-264.236,1.31615,0.4756
3450001,1,-3.71905,-266.536,0.927035,0.4942
3455001,1,-2.43084,-263.916,0.178638,0.4808
3460001,1,-3.74243,-263.728,0.505745,0.495
3465001,2,-5.44853,-265.109,2.23043,0.4778
3470001,1,-7.75391,-264.669,5.34006,0.4732
3475001,1,-3.29764,-263.372,1.04332,0.474
3480001,1,-2.85307,-266.351,0.588808,0.5228
3485001,1,-1.76079,-265.16,0.0179031,0.4976
3490001,3,-12.1846,-256.52,0.986735,0.4826
3495001,2,-8.90586,-265.318,2.09278,0.4756
3500001,3,-8.16911,-264.897,0.360871,0.4792
3505001,5,-13.4907,-266.954,0.888622,0.4602
3510001,1,-2.41396,-264.95,0.88144,0.5148
3515001,2,-6.66528,-260.768,1.38897,0.4926
3520001,1,-3.28549,-270.258,0.307128,0.4978
3525001,2,-5.3463,-262.174,0.678109,0.4808
3530001,1,-3.42088,-262.958,1.29013,0.4896
3535001,1,-2.72613,-265.452,0.529825,0.5028
3540001,1,-3.29545,-268.285,1.2307,0.4446
3545001,1,-4.23757,-269.138,1.26204,0.4208
3550001,1,-3.58181,-267.522,0.669574,0.4706
3555001,1,-3.1353,-261.776,1.18381,0.4786
3560001,1,-4.74689,-264.162,1.48316,0.4804
3565001,2,-4.47505,-259.675,1.43759,0.5272
3570001,3,-6.4103,-258.215,0.396539,0.5028
3575001,2,-5.37524,-256.895,0.86477,0.521
3580001,2,-5.93437,-255.13,0.623255,0.4998
3585001,2,-6.62084,-266.686,0.835667,0.5286
3590001,1,-2.54386,-263.722,0.0526949,0.4848
3595001,1,-2.39529,-263.569,0.215486,0.4706
3600001,2,-4.94909,-263.862,1.43668,0.49
3605001,1,-4.37635,-265.293,2.13422,0.5216
3610001,1,-2.32401,-263.663,0.431896,0.5004
3615001,1,-2.26622,-268.704,0.520009,0.4744
3620001,1,-3.09835,-265.567,0.309099,0.459
3625001,2,-4.38993,-267.77,1.77255,0.4964
3630001,1,-1.35866,-267.76,0.0908544,0.4648
3635001,1,-1.9311,-267.942,0.108059,0.522
3640001,1,-3.02481,-265.273,1.03272,0.4562
3645001,2,-3.7741,-266.028,0.409235,0.4756
3650001,2,-7.56276,-260.612,3.38654,0.4722
3655001,1,-2.07532,-266.068,0.0617098,0.4846
3660001,2,-4.11068,-264.554,0.00892257,0.4796
3665001,1,-2.74239,-267.372,0.306828,0.4504
3670001,1,-2.77192,-267.593,0.912429,0.51
3675001,2,-4.04345,-261.48,0.100624,0.4882
3680001,2,-2.90233,-270.424,0.233284,0.473
3685001,2,-4.97981,-266.113,0.2643,0.5022
3690001,1,-2.78504,-264.859,0.26204,0.443
3695001,1,-3.00077,-264.078,1.16316,0.4524
3700001,2,-5.84533,-266.333,0.14943,0.4934
3705001,1,-3.34402,-266.042,0.200072,0.4548
3710001,1,-4.75115,-266.17,1.86884,0.4822
3715001,2,-5.91547,-261.362,0.785052,0.469
3720001,2,-3.63333,-257.918,0.164789,0.4946
3725001,2,-5.05897,-257.743,0.587035,0.4928
3730001,1,-4.97123,-267.963,0.603913,0.4738
3735001,1,-3.76201,-270.859,0.776277,0.4822
3740001,1,-2.45828,-268.532,0.13363,0.4912
3745001,2,-4.14955,-266.654,0.302441,0.4762
3750001,1,-5.50079,-265.622,3.42044,0.4774
3755001,2,-7.00348,-262.686,1.06502,0.4976
3760001,1,-2.47554,-265.829,0.148875,0.4966
3765001,3,-10.8232,-261.128,0.272802,0.471
3770001,1,-1.73983,-264.084,0.0100579,0.4914
3775001,1,-2.22481,-271.393,0.009107,0.471
3780001,2,-4.89451,-263.282,1.99006,0.5126
3785001,1,-3.45724,-265.912,0.862455,0.473
3790001,2,-9.47387,-265.614,3.05659,0.4682
3795001,2,-11.34,-266.064,0.637089,0.462
3800001,1,-2.27601,-270.429,1.17039,0.4716
3805001,2,-8.39612,-267.051,1.65244,0.4834
3810001,1,-2.79489,-266.118,0.384754,0.5082
3815001,2,-2.916,-268.403,0.110773,0.5262
3820001,1,-2.58629,-264.104,0.902276,0.45
3825001,1,-3.86329,-266.689,0.0846939,0.4428
3830001,3,-7.63401,-260.869,1.4126,0.5526
3835001,1,-2.76853,-266.583,0.128932,0.481
3840001,3,-6.82202,-261.096,0.128844,0.4602
3845001,1,-2.82784,-265.406,0.911793,0.4858
3850001,1,-2.03533,-265.276,0.31057,0.4532
3855001,1,-5.75674,-268.851,1.01156,0.4766
3860001,3,-7.76186,-262.196,2.36652,0.5162
3865001,1,-2.40339,-268.231,1.04802,0.5146
3870001,1,-4.08775,-264.557,0.61244,0.4938
3875001,2,-4.25944,-266.034,1.54876,0.4384
3880001,3,-8.06882,-258.106,1.11085,0.5304
3885001,3,-8.41185,-256.227,0.731776,0.4974
3890001,1,-2.62412,-264.301,0.0711973,0.5156
3895001,1,-3.13795,-266.383,1.07426,0.4708
3900001,1,-3.91533,-268.071,1.68004,0.4896
3905001,3,-8.08739,-256.396,0.882311,0.4886
3910001,2,-5.46438,-261.534,0.161654,0.5266
3915001,1,-3.46955,-268.296,0.111438,0.4862
3920001,2,-5.49365,-267.216,2.11872,0.5006
3925001,2,-4.74272,-261.743,0.799273,0.4888
3930001,1,-3.30608,-269.538,0.713422,0.447
3935001,1,-4.52354,-263.518,1.76105,0.4842
3940001,2,-3.61554,-266.655,0.506193,0.4622
3945001,2,-2.31744,-263.907,0.320897,0.4788
3950001,1,-7.49987,-269.933,4.53121,0.4704
3955001,3,-6.22431,-268.507,1.66686,0.4534
3960001,1,-4.5957,-264.671,1.70048,0.5082
3965001,1,-5.67815,-268.738,2.8498,0.4926
3970001,1,-2.77178,-266.139,0.621211,0.4366
3975001,2,-6.08786,-259.744,1.49461,0.503
3980001,3,-8.22134,-257.681,0.954299,0.488
3985001,1,-3.01291,-264.896,0.531847,0.4856
3990001,2,-4.64695,-262.182,1.03977,0.4966
3995001,1,-3.34615,-271.531,1.07816,0.5022
4000001,1,-2.60196,-265.358,0.0769755,0.4338
4005001,1,-3.85225,-266.571,2.41934,0.4796
4010001,1,-1.7392,-265.734,0.202527,0.4858
4015001,1,-8.26051,-265.771,5.31049,0.463
4020001,1,-3.3972,-268.063,1.35539,0.4668
4025001,2,-6.52903,-267.433,0.0158496,0.4868
4030001,1,-4.4962,-266.768,0.641351,0.5052
4035001,2,-7.80152,-266.778,3.01233,0.4646
4040001,1,-2.64122,-272.841,0.525037,0.4946
4045001,1,-3.37501,-266.383,0.508597,0.481
4050001,1,-3.92111,-264.155,0.65491,0.4938
4055001,1,-6.51397,-269.049,3.69183,0.4824
4060001,1,-2.04075,-262.237,0.336105,0.488
4065001,1,-3.46814,-263.697,0.532887,0.466
4070001,2,-8.31686,-266.861,0.471426,0.4602
4075001,2,-5.96465,-264.707,0.321959,0.469
4080001,3,-5.2899,-263.006,0.948525,0.5054
4085001,1,-4.85053,-265.239,1.46033,0.5102
4090001,1,-2.85861,-266.473,1.27028,0.4818
4095001,2,-3.72732,-266.589,0.133308,0.4726
4100001,2,-4.01036,-265.788,1.1514,0.472
4105001,2,-4.784,-266.864,1.94062,0.4798
4110001,1,-3.10071,-265.191,0.445262,0.4858
4115001,1,-3.89773,-266.272,1.43538,0.494
4120001,3,-9.97531,-270.551,1.36452,0.502
4125001,1,-3.42733,-268.295,0.0391127,0.5394
4130001,1,-2.06327,-266.934,0.447014,0.471
4135001,1,-2.58586,-266.024,0.109648,0.4968
4140001,1,-2.15044,-264.431,0.483535,0.4882
4145001,1,-2.29096,-263.428,0.166072,0.4962
4150001,1,-4.49106,-270.637,0.339806,0.463
4155001,1,-3.07261,-265.335,1.26673,0.5054
4160001,1,-3.19916,-268.828,0.616432,0.4706
4165001,2,-4.83072,-268.842,0.123611,0.4378
4170001,1,-3.38814,-264.123,0.848567,0.505
4175001,1,-1.75468,-266.005,0.240984,0.4554
4180001,1,-3.60449,-269.558,1.44705,0.4904
4185001,2,-4.33632,-265.478,0.2568,0.465
4190001,1,-4.18459,-264.69,1.27062,0.4816
4195001,1,-3.39486,-263.232,0.602426,0.4412
4200001,1,-1.5983,-268.4,0.23325,0.5012
4205001,1,-2.55344,-267.456,1.27513,0.4862
4210001,1,-1.44963,-268.654,0.198734,0.4718
4215001,1,-4.42828,-265.316,0.931857,0.4858
4220001,1,-3.41086,-263.433,0.789603,0.4724
4225001,1,-3.38949,-264.108,1.33226,0.497
4230001,3,-5.72923,-263.445,0.204668,0.465
4235001,1,-2.16293,-265.453,0.32606,0.4772
4240001,1,-4.08559,-267.278,0.164798,0.4894
4245001,1,-2.68166,-269.05,0.599067,0.466
4250001,1,-3.60011,-269.695,1.31466,0.4894
4255001,2,-6.57819,-267.081,1.19379,0.4626
4260001,1,-3.68736,-263.722,1.16153,0.4596
4265001,1,-4.39411,-263.843,1.4641,0.4716
4270001,2,-5.03926,-265.596,3.0534,0.4878
4275001,1,-4.53661,-263.041,1.92869,0.5518
4280001,1,-2.80442,-265.514,0.801885,0.4776
4285001,1,-2.07697,-266.841,0.0269075,0.4952
4290001,1,-3.0361,-266.117,1.48737,0.4362
4295001,1,-2.11446,-267.469,0.575687,0.4608
4300001,2,-3.1051,-261.768,0.300946,0.473
4305001,1,-2.66596,-263.246,0.464195,0.4718
4310001,1,-1.61573,-264.4,0.0378785,0.4962
4315001,1,-1.7734,-264.691,0.302857,0.4896
4320001,2,-11.5227,-261.027,0.17276,0.4974
4325001,2,-7.04358,-264.939,0.912339,0.4476
4330001,2,-3.98411,-264.766,0.47023,0.4608
4335001,1,-4.20644,-267.158,1.3579,0.5136
4340001,1,-2.93922,-265.329,0.88649,0.4542
4345001,1,-3.79055,-266.948,0.102378,0.4884
4350001,1,-3.75225,-267.49,0.854585,0.4708
4355001,1,-3.0964,-266.45,0.469586,0.4278
4360001,1,-4.28239,-264.016,1.10567,0.4856
4365001,1,-3.34463,-264.501,1.4121,0.4602
4370001,1,-3.43333,-266.757,2.19018,0.5054
4375001,2,-4.56541,-269.691,0.0892767,0.4766
4380001,1,-2.73463,-263.787,0.83408,0.5096
4385001,3,-11.4039,-265.986,2.37062,0.5228
4390001,1,-4.72817,-265.071,2.05299,0.4718
4395001,1,-5.13478,-268.801,1.47737,0.4664
4400001,1,-5.83107,-262.698,3.65138,0.4934
4405001,1,-2.55887,-269.189,0.361427,0.4702
4410001,1,-4.5358,-267.521,2.31687,0.4414
4415001,2,-5.47028,-263.1,0.456715,0.5126
4420001,1,-3.91473,-268.044,2.0699,0.5142
4425001,1,-3.04174,-264.683,0.411061,0.4488
4430001,1,-5.50235,-266.124,2.49313,0.4846
4435001,1,-4.46128,-267.121,2.46006,0.4772
4440001,1,-4.70174,-264.767,2.91434,0.482
4445001,2,-4.50989,-263.017,2.08359,0.4874
4450001,1,-3.30157,-266.249,1.86891,0.5272
4455001,2,-4.29542,-266.878,1.10623,0.5066
4460001,3,-5.57074,-258.644,0.489165,0.5074
4465001,2,-4.32027,-259.475,0.185889,0.489
4470001,2,-8.08851,-266.206,1.04222,0.4572
4475001,2,-5.60648,-264.35,1.44036,0.517
4480001,2,-8.08151,-265.937,1.33316,0.468
4485001,2,-5.16362,-266.762,0.671515,0.4924
4490001,1,-2.32718,-265.492,0.452829,0.4734
4495001,1,-4.78513,-267.924,2.58931,0.4788
4500001,1,-1.32182,-270.837,0.0987914,0.5026
4505001,1,-3.63135,-268.759,2.17309,0.5
4510001,1,-2.72402,-267.997,0.416415,0.497
4515001,1,-3.82619,-264.165,0.11032,0.5088
4520001,1,-6.42222,-267.022,2.74064,0.4774
4525001,2,-4.80104,-262.544,0.639496,0.4892
4530001,2,-3.20639,-265.676,0.536467,0.501
4535001,1,-2.67281,-264.455,0.584834,0.4898
4540001,1,-2.72833,-268.655,0.911215,0.4654
4545001,1,-3.16396,-264.663,1.66404,0.5112
4550001,1,-2.76261,-267.775,1.36958,0.466
4555001,2,-5.30402,-266.574,0.554235,0.501
4560001,1,-3.28798,-272.977,0.13486,0.5076
4565001,1,-3.76019,-264.793,0.765511,0.487
4570001,2,-5.14318,-264.328,0.542971,0.4836
4575001,1,-5.37563,-263.917,2.95941,0.4732
4580001,2,-4.61384,-267.759,0.365383,0.483
4585001,1,-3.35551,-266.29,0.529481,0.4908
4590001,2,-6.01235,-264.986,1.4486,0.472
4595001,2,-4.84833,-258.72,0.926751,0.4812
4600001,1,-3.03606,-264.625,0.720474,0.4736
4605001,1,-3.00632,-263.849,0.994735,0.4576
4610001,2,-9.60247,-261.097,1.48738,0.4786
4615001,2,-6.82634,-265.025,0.934769,0.4562
4620001,2,-4.76076,-267.484,0.675338,0.4778
4625001,1,-5.68078,-263.37,2.8863,0.483
4630001,1,-3.02811,-267.237,0.0173475,0.4504
4635001,1,-5.93991,-265.985,4.21769,0.4542
4640001,2,-4.3311,-264.208,0.371643,0.5114
4645001,1,-3.58504,-268.54,1.95207,0.5058
4650001,2,-4.49666,-263.929,0.680348,0.4512
4655001,2,-6.92473,-266.701,1.73754,0.4826
4660001,2,-2.33091,-267.335,0.306225,0.4968
4665001,1,-2.68366,-263.78,1.08657,0.4656
4670001,3,-7.01328,-264.914,0.0269024,0.442
4675001,1,-2.21074,-263.934,0.301269,0.4688
4680001,1,-2.29692,-268.652,0.664008,0.5008
4685001,1,-2.5479,-264.588,0.12328,0.487
4690001,1,-2.28913,-262.548,0.359704,0.4792
4695001,1,-3.93152,-263.97,1.48724,0.438
4700001,2,-3.23405,-266.16,0.134521,0.4902
4705001,2,-4.49995,-262.615,0.266947,0.513
4710001,3,-8.2571,-263.088,0.579737,0.467
4715001,2,-3.83355,-264.391,0.259357,0.5068
4720001,1,-2.78857,-265.093,0.534961,0.5068
4725001,2,-5.92835,-262.918,0.502678,0.462
4730001,1,-3.75768,-266.035,0.710172,0.4692
4735001,1,-2.02133,-265.948,0.256134,0.4666
4740001,1,-4.12348,-266.11,1.36882,0.4764
4745001,1,-3.35748,-266.847,0.872272,0.4806
4750001,1,-3.31216,-265.941,0.140074,0.5114
4755001,1,-3.07656,-269.884,1.19841,0.5226
4760001,2,-7.17678,-265.062,2.08218,0.4814
4765001,1,-2.78728,-265.512,0.913154,0.4766
4770001,1,-2.55632,-266.479,0.80603,0.518
4775001,1,-3.30402,-263.097,1.69749,0.5236
4780001,1,-2.49284,-268.151,1.06304,0.4628
4785001,1,-3.40839,-263.447,1.61147,0.4744
4790001,2,-5.63256,-264.621,0.0769289,0.502
4795001,1,-3.10981,-267.422,0.551765,0.4756
4800001,1,-3.31966,-265.824,0.741229,0.5222
4805001,2,-3.93433,-268.75,0.0534733,0.4542
4810001,1,-1.52259,-268.351,0.0367166,0.4638
4815001,2,-4.18436,-267.139,0.837412,0.5028
4820001,1,-3.11749,-266.515,0.834086,0.4612
4825001,2,-5.2704,-266.529,2.26196,0.4828
4830001,1,-3.21527,-264.844,0.544039,0.4312
4835001,1,-4.39553,-265.114,1.02879,0.4664
4840001,1,-2.18138,-268.958,0.160541,0.4766
4845001,2,-3.43824,-263.222,0.156375,0.4602
4850001,1,-3.53278,-266.738,0.73663,0.4742
4855001,3,-6.86438,-266.891,0.303458,0.4762
4860001,2,-9.34636,-262.559,3.6553,0.4986
4865001,2,-6.43913,-266.954,0.0747449,0.4894
4870001,1,-1.63693,-264.646,0.0280841,0.4696
4875001,1,-2.76337,-265.264,0.943532,0.5024
4880001,2,-3.79191,-265.421,0.167317,0.4818
4885001,1,-3.19504,-263.039,0.792013,0.4964
4890001,1,-2.66714,-270.589,1.30633,0.5058
4895001,3,-8.22849,-260.102,0.125009,0.4474
4900001,2,-3.59929,-262.525,0.093244,0.541
4905001,2,-4.32959,-260.8,1.18714,0.4796
4910001,2,-7.22443,-255.485,0.103061,0.4984
4915001,2,-5.92518,-258.483,1.17576,0.5006
4920001,1,-2.43591,-263.494,0.437267,0.5106
4925001,1,-4.0796,-264.927,1.89091,0.4628
4930001,2,-4.25776,-258.123,0.813983,0.5004
4935001,1,-3.3181,-263.808,0.215603,0.4702
4940001,2,-4.33861,-261.974,0.248275,0.5048
4945001,1,-3.04719,-261.808,0.997463,0.5032
4950001,2,-4.17592,-261.506,0.314591,0.4984
4955001,1,-4.01945,-262.487,1.77249,0.4804
4960001,1,-3.65545,-268.661,1.19899,0.4982
4965001,2,-5.45108,-263.656,0.259297,0.4628
4970001,2,-4.15571,-265.049,0.630299,0.4672
4975001,1,-2.44793,-263.088,0.467414,0.5096
4980001,1,-3.21472,-266.035,0.772985,0.4972
4985001,1,-6.53994,-266.055,4.13317,0.4848
4990001,1,-2.40722,-267.799,0.0367522,0.4666
4995001,2,-6.4851,-263.67,0.663278,0.5148
