generation,N_shifts,logPrior,logLik,eventRate,acceptRate
1,0,-1.37736,0,1,1
5001,2,-9.99164,0,0.742869,0.7574
10001,3,-16.0931,0,0.0158916,0.761
15001,0,-6.38445,0,2.1728,0.7624
20001,1,-5.77259,0,1.88824,0.7338
25001,0,-2.8334,0,0.819359,0.7032
30001,2,-5.96189,0,0.159227,0.7404
35001,0,-4.09071,0,0.563456,0.6984
40001,0,-1.58503,0,0.543971,0.7284
45001,1,-11.2344,0,3.17861,0.7432
50001,0,-2.44232,0,0.980946,0.7576
55001,0,-3.60197,0,0.430114,0.7478
60001,0,-3.67851,0,1.29411,0.7644
65001,1,-5.51557,0,2.19438,0.7692
70001,0,-6.27401,0,3.5544,0.7546
75001,1,-6.62281,0,2.09066,0.7498
80001,1,-2.38516,0,0.118771,0.7472
85001,1,-10.7112,0,1.38563,0.7318
90001,3,-16.648,0,0.616456,0.7522
95001,0,-6.13343,0,1.94439,0.7482
100001,1,-14.3386,0,0.411171,0.7814
105001,1,-7.16264,0,1.06477,0.747
110001,0,-3.23377,0,1.86938,0.7418
115001,0,-2.48368,0,0.676306,0.7264
120001,1,-6.46247,0,0.31509,0.7632
125001,0,-3.6597,0,0.305747,0.76
130001,0,-5.94556,0,2.00954,0.732
135001,1,-6.23944,0,1.22654,0.7472
140001,0,-2.99163,0,0.520794,0.7124
145001,3,-8.96588,0,0.452367,0.7502
150001,0,-2.80326,0,0.462381,0.7224
155001,1,-4.35425,0,0.37849,0.7834
160001,2,-6.77894,0,1.88683,0.787
165001,0,-2.4942,0,0.807133,0.7544
170001,1,-7.84249,0,1.97784,0.7476
175001,0,-3.02289,0,0.186782,0.7276
180001,1,-7.784,0,0.11221,0.7496
185001,2,-11.6783,0,1.61972,0.7558
190001,0,-4.57604,0,2.06772,0.7526
195001,2,-10.8145,0,0.310321,0.711
200001,1,-6.53651,0,0.572706,0.7736
205001,0,-9.6157,0,1.32897,0.7474
210001,2,-7.26666,0,0.198428,0.758
215001,2,-6.12173,0,1.09243,0.7298
220001,4,-11.8849,0,1.06961,0.7332
225001,1,-10.0214,0,1.37892,0.7606
230001,2,-6.2574,0,0.594093,0.7588
235001,0,-5.87158,0,0.307328,0.7476
240001,0,-2.11344,0,0.447093,0.778
245001,1,-6.87487,0,0.333026,0.7556
250001,0,-4.46909,0,1.52199,0.7752
255001,1,-7.40779,0,2.27147,0.7704
260001,3,-8.61711,0,0.117684,0.7458
265001,1,-7.0103,0,0.381803,0.78
270001,0,-6.91373,0,1.52838,0.7588
275001,0,-4.03756,0,0.360784,0.743
280001,0,-4.72297,0,2.04806,0.753
285001,0,-6.98402,0,2.11307,0.7336
290001,0,-2.60538,0,0.0531608,0.7154
295001,0,-2.80005,0,0.193779,0.7504
300001,2,-7.21531,0,0.43961,0.7532
305001,1,-5.74289,0,2.36666,0.7374
310001,2,-7.69379,0,0.085949,0.7292
315001,2,-8.62259,0,1.97425,0.8048
320001,1,-8.05554,0,2.08485,0.7334
325001,3,-10.5545,0,0.407302,0.7486
330001,1,-7.69625,0,0.114687,0.7428
335001,1,-5.21173,0,1.0622,0.7592
340001,0,-2.70146,0,0.519567,0.7336
345001,1,-2.20045,0,0.45268,0.747
350001,0,-3.36169,0,0.943613,0.7132
355001,2,-12.6232,0,0.965721,0.7336
360001,1,-10.2559,0,1.82057,0.7222
365001,0,-3.78023,0,0.484828,0.748
370001,0,-5.20762,0,0.123255,0.7388
375001,1,-5.19517,0,0.303172,0.7624
380001,0,-2.63136,0,0.406956,0.7486
385001,1,-5.01417,0,1.19693,0.7114
390001,0,-6.0407,0,1.53558,0.751
395001,1,-10.0375,0,1.09736,0.733
400001,0,-3.65323,0,0.0478696,0.7232
405001,0,-3.92502,0,0.0907336,0.7236
410001,0,-2.55564,0,0.362026,0.7452
415001,0,-5.34073,0,1.2504,0.7216
420001,1,-8.51088,0,0.0335006,0.7784
425001,1,-6.65,0,1.09558,0.7364
430001,0,-4.35337,0,0.330339,0.76
435001,1,-7.72228,0,0.151902,0.7462
440001,2,-7.04232,0,0.816281,0.7504
445001,0,-3.02151,0,0.711274,0.7468
450001,1,-5.58953,0,1.48187,0.7536
455001,1,-10.9002,0,3.66613,0.7348
460001,1,-5.26309,0,2.38562,0.7408
465001,1,-6.12682,0,1.50934,0.7682
470001,1,-3.60748,0,1.25565,0.7734
475001,0,-5.66887,0,1.24877,0.7494
480001,1,-6.14445,0,0.112067,0.757
485001,0,-4.01614,0,0.464362,0.7474
490001,0,-3.25499,0,1.30224,0.7202
495001,1,-4.92241,0,2.08389,0.7728
500001,1,-5.66964,0,2.22711,0.7586
505001,0,-1.05555,0,0.143392,0.7128
510001,0,-3.27984,0,0.739203,0.7376
515001,2,-6.58179,0,0.590651,0.7834
520001,0,-3.16188,0,0.804332,0.7396
525001,0,-1.7577,0,0.112325,0.7412
530001,0,-6.59661,0,3.5886,0.7164
535001,1,-3.81516,0,1.33319,0.728
540001,1,-6.7494,0,1.21679,0.7476
545001,2,-9.00661,0,0.0180052,0.7776
550001,0,-3.40902,0,0.0668687,0.729
555001,0,-1.10447,0,0.183699,0.699
560001,1,-5.25599,0,1.18186,0.7096
565001,1,-13.3076,0,3.15956,0.7638
570001,1,-5.79374,0,2.21939,0.7654
575001,1,-5.6441,0,0.0447665,0.7212
580001,1,-6.7598,0,2.86509,0.7466
585001,1,-5.42392,0,0.501525,0.735
590001,1,-4.47592,0,0.41659,0.7426
595001,0,-6.05727,0,1.15157,0.7264
600001,0,-3.78256,0,0.221515,0.7228
605001,2,-6.30576,0,0.167967,0.7338
610001,1,-5.68528,0,2.13014,0.7324
615001,0,-3.70901,0,0.0309357,0.7408
620001,0,-4.18703,0,0.745803,0.742
625001,1,-4.57908,0,0.592638,0.7458
630001,1,-8.14532,0,1.25428,0.7668
635001,1,-4.11613,0,2.00054,0.7466
640001,0,-7.22328,0,1.8416,0.794
645001,0,-3.02392,0,1.25359,0.758
650001,1,-9.18859,0,2.62281,0.7342
655001,3,-12.1672,0,0.923383,0.7722
660001,1,-4.95774,0,0.54337,0.7218
665001,1,-3.68349,0,0.782055,0.7266
670001,0,-5.56907,0,1.25164,0.7596
675001,2,-8.78761,0,2.70296,0.7344
680001,0,-2.2642,0,0.33718,0.7526
685001,0,-3.39322,0,0.415202,0.722
690001,1,-4.1891,0,1.05595,0.747
695001,3,-15.9515,0,0.649865,0.7258
700001,2,-7.53794,0,0.236741,0.7378
705001,1,-5.21561,0,0.685165,0.7666
710001,1,-7.91226,0,0.950017,0.7474
715001,0,-4.27107,0,2.51151,0.7606
720001,3,-9.29771,0,1.90028,0.7386
725001,0,-4.79161,0,0.301357,0.7694
730001,1,-4.50458,0,0.402322,0.7652
735001,1,-3.7426,0,1.47389,0.7774
740001,2,-10.7974,0,0.233892,0.716
745001,1,-11.7906,0,0.987755,0.7628
750001,2,-7.66495,0,1.37271,0.7676
755001,1,-5.14653,0,0.905391,0.7584
760001,0,-6.52693,0,0.467087,0.7792
765001,0,-3.04412,0,0.541157,0.7594
770001,0,-4.65274,0,1.57355,0.7232
775001,0,-4.84383,0,2.44199,0.7678
780001,0,-2.94707,0,1.02474,0.7328
785001,0,-1.77889,0,0.186703,0.7458
790001,2,-10.3404,0,3.13672,0.7664
795001,1,-6.08033,0,0.943365,0.7928
800001,1,-7.59963,0,2.30135,0.748
805001,1,-4.59177,0,2.18062,0.7406
810001,1,-4.17311,0,0.0227078,0.7514
815001,0,-3.44303,0,1.61324,0.75
820001,0,-8.14588,0,0.659136,0.713
825001,1,-2.70977,0,0.0549591,0.7276
830001,2,-11.4796,0,0.406683,0.7884
835001,2,-10.2825,0,0.862082,0.7522
840001,0,-5.60364,0,0.842015,0.7542
845001,1,-6.41536,0,1.98134,0.737
850001,1,-2.44982,0,0.758086,0.7382
855001,1,-5.61607,0,0.284494,0.7954
860001,1,-3.58583,0,0.0443598,0.7324
865001,2,-7.26905,0,0.498015,0.7344
870001,2,-13.1412,0,0.512635,0.774
875001,0,-4.05625,0,0.183651,0.734
880001,0,-6.22965,0,0.939556,0.7612
885001,0,-5.01533,0,1.4092,0.7518
890001,2,-7.93825,0,0.954703,0.7608
895001,3,-13.1541,0,2.917,0.7524
900001,4,-15.7259,0,0.792004,0.7286
905001,1,-4.73249,0,0.150011,0.79
910001,1,-3.09934,0,1.21444,0.7436
915001,1,-5.12258,0,0.222445,0.6984
920001,1,-7.45911,0,0.79311,0.7482
925001,2,-10.1584,0,0.181978,0.7334
930001,0,-4.03355,0,2.72935,0.7468
935001,0,-2.16486,0,0.046555,0.7318
940001,0,-5.75303,0,0.521724,0.737
945001,0,-3.4381,0,1.46751,0.7024
950001,1,-8.54532,0,1.02515,0.738
955001,1,-7.27467,0,0.442721,0.7824
960001,0,-4.11326,0,0.758374,0.7282
965001,1,-11.0849,0,1.41345,0.773
970001,1,-6.79848,0,0.946115,0.6838
975001,1,-4.27318,0,0.972618,0.7378
980001,1,-5.12107,0,0.681015,0.7348
985001,1,-8.92032,0,0.293372,0.7694
990001,2,-8.13241,0,0.554124,0.727
995001,1,-10.3704,0,2.95922,0.7732
1000001,3,-10.1213,0,0.73479,0.7552
1005001,1,-3.55133,0,0.155305,0.7694
1010001,1,-4.75345,0,0.647293,0.731
1015001,1,-5.95193,0,2.56717,0.7726
1020001,1,-3.39147,0,0.966244,0.757
1025001,1,-6.91899,0,1.23918,0.7386
1030001,0,-5.34289,0,0.164109,0.744
1035001,0,-4.55871,0,0.391171,0.749
1040001,3,-11.8234,0,1.01625,0.7606
1045001,0,-5.65714,0,0.260296,0.7682
1050001,1,-6.15659,0,1.59337,0.749
1055001,1,-4.43433,0,0.547097,0.7588
1060001,4,-13.3865,0,0.575017,0.7618
1065001,0,-2.41666,0,0.435238,0.7574
1070001,0,-2.45349,0,0.9082,0.7276
1075001,2,-6.10554,0,0.481298,0.7458
1080001,0,-8.7134,0,2.88505,0.7422
1085001,2,-10.1938,0,0.554365,0.753
1090001,1,-3.38818,0,0.0303347,0.7648
1095001,2,-7.90779,0,1.12459,0.761
1100001,0,-7.76187,0,1.36693,0.7638
1105001,0,-3.36188,0,1.40074,0.7396
1110001,0,-6.97233,0,2.96756,0.74
1115001,0,-4.8611,0,2.98184,0.7364
1120001,1,-14.6871,0,1.12706,0.7768
1125001,2,-11.8893,0,0.927411,0.7514
1130001,0,-1.9098,0,0.52062,0.7638
1135001,2,-7.57359,0,2.55892,0.761
1140001,1,-5.13227,0,0.393328,0.7486
1145001,1,-6.91834,0,0.322073,0.7846
1150001,2,-7.50508,0,1.41883,0.7376
1155001,0,-2.97267,0,0.89773,0.777
1160001,2,-8.68917,0,0.808844,0.7196
1165001,1,-10.4678,0,3.45369,0.6958
1170001,0,-4.95397,0,1.83125,0.737
1175001,0,-8.67602,0,2.13791,0.7132
1180001,4,-9.90336,0,0.147034,0.7452
1185001,0,-2.99869,0,0.300261,0.7174
1190001,0,-5.55995,0,0.237088,0.7268
1195001,1,-3.70665,0,0.318358,0.7386
1200001,1,-4.81707,0,0.589299,0.728
1205001,1,-3.81152,0,0.0592657,0.748
1210001,1,-4.78382,0,0.569192,0.7332
1215001,1,-6.88584,0,2.38502,0.722
1220001,1,-7.77959,0,2.73944,0.7612
1225001,0,-3.35367,0,0.147723,0.7478
1230001,0,-4.79425,0,1.61729,0.7378
1235001,0,-2.17394,0,0.418724,0.7652
1240001,2,-11.3299,0,1.74379,0.7896
1245001,0,-1.64845,0,0.516272,0.699
1250001,2,-6.33124,0,0.0779759,0.7594
1255001,1,-7.52992,0,0.0998863,0.7696
1260001,2,-5.82851,0,0.680459,0.7732
1265001,1,-11.5314,0,3.67441,0.7364
1270001,2,-10.8095,0,0.597225,0.7272
1275001,2,-7.76391,0,1.25666,0.7434
1280001,2,-4.0778,0,0.162651,0.731
1285001,2,-17.81,0,0.234653,0.7652
1290001,1,-8.47028,0,0.0405607,0.7402
1295001,0,-4.0204,0,1.08281,0.7572
1300001,0,-4.89066,0,2.20905,0.7746
1305001,3,-14.7284,0,0.173651,0.736
1310001,1,-8.34258,0,1.73588,0.783
1315001,2,-7.85371,0,1.2487,0.7468
1320001,0,-4.5673,0,2.20937,0.7556
1325001,1,-4.6129,0,0.969105,0.727
1330001,0,-3.59251,0,0.115475,0.7502
1335001,2,-11.4525,0,1.52386,0.7176
1340001,0,-2.24323,0,0.0854646,0.7602
1345001,2,-8.81076,0,1.9104,0.7496
1350001,1,-8.18052,0,0.17133,0.7548
1355001,0,-3.3205,0,0.316295,0.7186
1360001,0,-6.18862,0,0.85598,0.726
1365001,0,-1.66539,0,0.145856,0.7562
1370001,1,-4.97335,0,1.14361,0.7502
1375001,0,-4.01649,0,0.644471,0.7544
1380001,0,-2.11104,0,0.288725,0.7572
1385001,0,-1.98685,0,0.00720214,0.7174
1390001,2,-6.39364,0,0.212449,0.76
1395001,3,-11.0362,0,0.612236,0.7564
1400001,0,-4.38389,0,0.172196,0.7354
1405001,3,-12.4064,0,0.239575,0.757
1410001,1,-5.22878,0,0.134197,0.7064
1415001,2,-8.57065,0,2.25282,0.708
1420001,0,-1.64756,0,0.694671,0.7904
1425001,0,-2.71639,0,0.822542,0.7574
1430001,0,-3.55407,0,1.59118,0.7466
1435001,2,-14.8328,0,0.767164,0.761
1440001,0,-5.74812,0,3.99877,0.7294
1445001,1,-9.56002,0,0.779618,0.719
1450001,1,-7.08927,0,2.61142,0.7208
1455001,1,-2.88648,0,1.18383,0.7552
1460001,1,-9.42369,0,0.527483,0.7186
1465001,1,-5.97068,0,0.492637,0.7372
1470001,4,-10.7824,0,0.241322,0.74
1475001,0,-4.26828,0,0.416834,0.7564
1480001,1,-3.93007,0,0.615077,0.7558
1485001,1,-4.95655,0,0.170683,0.7662
1490001,0,-3.49077,0,0.406719,0.7606
1495001,2,-10.2325,0,0.101052,0.76
1500001,1,-3.89105,0,0.562335,0.7458
1505001,2,-7.5168,0,0.0851919,0.7606
1510001,1,-10.8352,0,0.489154,0.7488
1515001,1,-9.57573,0,1.30486,0.7496
1520001,0,-2.63843,0,0.810326,0.776
1525001,2,-6.86471,0,0.732953,0.7156
1530001,1,-6.04734,0,0.633268,0.7292
1535001,2,-10.4899,0,0.497507,0.7624
1540001,2,-6.34851,0,1.24926,0.777
1545001,0,-2.48881,0,1.01446,0.7702
1550001,2,-10.9997,0,0.110164,0.7842
1555001,3,-14.6841,0,1.51158,0.7326
1560001,2,-11.6949,0,1.37695,0.7768
1565001,1,-5.272,0,0.00900928,0.7464
1570001,0,-3.01644,0,0.12391,0.7298
1575001,2,-9.34352,0,1.3955,0.7488
1580001,1,-3.85605,0,0.961854,0.7626
1585001,2,-8.94425,0,0.737544,0.76
1590001,0,-2.04718,0,0.475953,0.7354
1595001,1,-8.37898,0,0.161454,0.7666
1600001,2,-6.70635,0,1.96611,0.723
1605001,0,-6.36132,0,0.40096,0.7194
1610001,4,-15.4338,0,1.5361,0.7384
1615001,2,-7.41455,0,1.67801,0.7584
1620001,4,-17.7974,0,1.26372,0.7524
1625001,1,-7.68488,0,0.361671,0.6872
1630001,0,-9.1139,0,0.95801,0.7694
1635001,0,-4.93631,0,0.00563776,0.7388
1640001,2,-9.66614,0,2.0975,0.7138
1645001,2,-11.9285,0,0.0544162,0.7668
1650001,1,-7.87781,0,0.486263,0.7646
1655001,0,-2.99566,0,1.10504,0.7452
1660001,1,-10.6921,0,4.70148,0.757
1665001,0,-2.81618,0,0.501472,0.7804
1670001,0,-3.27217,0,1.36896,0.7446
1675001,0,-6.80343,0,2.79678,0.7296
1680001,1,-7.83706,0,1.06471,0.7178
1685001,0,-2.31215,0,1.34698,0.7258
1690001,0,-3.55774,0,0.0702325,0.7392
1695001,0,-4.61413,0,1.76989,0.7044
1700001,1,-5.11723,0,0.986977,0.767
1705001,1,-6.53077,0,1.8285,0.7466
1710001,1,-3.68232,0,0.959655,0.7512
1715001,0,-4.28906,0,0.335997,0.7816
1720001,0,-3.8603,0,1.59446,0.7288
1725001,1,-6.23736,0,2.20952,0.7592
1730001,4,-11.8666,0,0.435453,0.7574
1735001,2,-10.3733,0,0.155802,0.7558
1740001,2,-6.40416,0,0.729905,0.7652
1745001,0,-4.10278,0,2.48691,0.71
1750001,1,-5.60233,0,1.61249,0.777
1755001,1,-5.67411,0,2.74853,0.7412
1760001,1,-4.62071,0,0.0405853,0.766
1765001,2,-8.32809,0,0.118056,0.7506
1770001,1,-3.85898,0,1.11928,0.7452
1775001,0,-3.12984,0,0.134456,0.761
1780001,2,-6.64454,0,0.165031,0.7412
1785001,0,-1.76735,0,0.528473,0.7776
1790001,1,-8.48578,0,0.406197,0.7638
1795001,0,-3.7014,0,0.661283,0.7648
1800001,1,-6.62273,0,1.48381,0.7452
1805001,0,-2.98482,0,0.802717,0.7348
1810001,3,-18.3613,0,0.0675515,0.755
1815001,1,-4.9037,0,0.408187,0.7286
1820001,2,-6.57759,0,2.37042,0.7326
1825001,1,-6.81652,0,0.252285,0.7054
1830001,1,-9.90336,0,0.965892,0.7316
1835001,0,-5.72201,0,1.00684,0.7238
1840001,1,-3.05266,0,0.195255,0.7328
1845001,0,-0.860824,0,0.0900372,0.7384
1850001,0,-1.8186,0,0.46687,0.7404
1855001,0,-3.52101,0,0.137379,0.714
1860001,1,-3.32579,0,0.0504145,0.7358
1865001,1,-6.63845,0,2.2562,0.7454
1870001,1,-4.71813,0,0.94856,0.7358
1875001,1,-5.88785,0,0.456511,0.7646
1880001,1,-4.19929,0,0.637758,0.737
1885001,2,-14.0572,0,2.89457,0.7624
1890001,0,-4.34151,0,0.456891,0.7162
1895001,2,-12.0731,0,0.355777,0.7656
1900001,1,-6.52239,0,1.43232,0.7304
1905001,0,-2.29833,0,0.809532,0.7514
1910001,0,-3.6018,0,0.0599936,0.7206
1915001,1,-7.28171,0,0.413389,0.7292
1920001,0,-3.03495,0,0.111384,0.744
1925001,1,-6.60391,0,1.54489,0.7272
1930001,1,-5.63272,0,2.59198,0.743
1935001,0,-4.01245,0,1.40818,0.7358
1940001,2,-8.9175,0,1.82199,0.7298
1945001,1,-5.18831,0,0.355145,0.771
1950001,1,-9.10178,0,0.809904,0.7902
1955001,2,-13.4673,0,0.969903,0.7304
1960001,0,-2.46805,0,0.390951,0.7504
1965001,0,-1.79032,0,0.561434,0.7156
1970001,0,-3.32041,0,0.574553,0.7366
1975001,0,-0.952562,0,0.0845784,0.727
1980001,0,-1.74856,0,0.101966,0.7572
1985001,1,-5.77697,0,0.365746,0.7414
1990001,2,-10.1957,0,4.26369,0.7128
1995001,2,-8.90403,0,0.975235,0.7258
2000001,0,-3.93774,0,1.34948,0.7382
2005001,0,-5.46844,0,1.56951,0.754
2010001,1,-5.98571,0,0.449882,0.7134
2015001,3,-14.1785,0,6.21515,0.7502
2020001,0,-4.99016,0,0.224323,0.7448
2025001,0,-2.7395,0,0.771532,0.7558
2030001,0,-4.15753,0,0.957456,0.7588
2035001,2,-11.1382,0,2.94718,0.748
2040001,2,-11.3864,0,1.12366,0.7708
2045001,1,-4.42093,0,0.385055,0.7674
2050001,0,-3.19159,0,1.34821,0.751
2055001,3,-13.4568,0,0.885012,0.777
2060001,0,-4.05568,0,0.563105,0.7646
2065001,1,-3.50841,0,0.10116,0.7256
2070001,0,-6.2906,0,1.71461,0.7486
2075001,0,-4.23688,0,1.82363,0.7626
2080001,1,-8.93739,0,1.70726,0.7244
2085001,1,-6.70778,0,3.08865,0.7192
2090001,1,-4.29071,0,1.14698,0.7836
2095001,0,-4.87411,0,0.623701,0.7768
2100001,3,-10.9205,0,0.225222,0.7498
2105001,3,-13.1652,0,0.69213,0.7434
2110001,1,-8.31818,0,0.768816,0.7276
2115001,2,-7.54966,0,0.961835,0.7736
2120001,1,-4.25544,0,0.239855,0.7654
2125001,0,-6.26535,0,0.313892,0.7504
2130001,1,-10.1997,0,1.81572,0.7476
2135001,3,-14.3909,0,0.104335,0.7222
2140001,1,-7.9205,0,0.575606,0.7622
2145001,1,-4.83979,0,1.13871,0.7168
2150001,1,-4.01221,0,0.358906,0.7334
2155001,2,-10.9778,0,1.22967,0.7406
2160001,1,-6.09452,0,0.074685,0.7282
2165001,0,-1.99158,0,0.601148,0.753
2170001,2,-17.4661,0,0.820049,0.7688
2175001,0,-3.31418,0,2.1601,0.74
2180001,2,-10.295,0,2.01,0.7538
2185001,3,-7.10763,0,0.412441,0.7862
2190001,0,-7.17442,0,2.71338,0.7584
2195001,1,-8.43223,0,0.321839,0.7772
2200001,0,-2.60104,0,0.649905,0.7864
2205001,0,-1.96083,0,0.125666,0.7702
2210001,0,-2.80766,0,1.65087,0.7678
2215001,2,-12.2098,0,0.841999,0.751
2220001,2,-7.40108,0,0.735554,0.7494
2225001,0,-3.21246,0,0.17181,0.7466
2230001,1,-8.86137,0,5.00094,0.7342
2235001,2,-7.14732,0,0.584601,0.748
2240001,2,-9.87408,0,0.076914,0.7494
2245001,2,-8.27754,0,1.64827,0.7666
2250001,2,-10.3632,0,1.27291,0.7394
2255001,0,-6.38168,0,0.589022,0.764
2260001,4,-12.7861,0,0.108404,0.7476
2265001,2,-9.48492,0,0.55593,0.7766
2270001,0,-2.62898,0,0.692549,0.7386
2275001,3,-20.142,0,0.261096,0.7862
2280001,1,-6.74598,0,1.15284,0.7912
2285001,2,-12.4433,0,1.04135,0.7624
2290001,1,-3.61118,0,0.471028,0.7616
2295001,1,-5.30617,0,2.15908,0.7934
2300001,1,-11.6826,0,1.1662,0.7552
2305001,1,-7.12399,0,0.399457,0.7216
2310001,0,-4.27796,0,0.383717,0.7692
2315001,2,-14.1743,0,0.583847,0.7496
2320001,0,-2.59163,0,0.332888,0.7604
2325001,2,-6.67722,0,0.157879,0.7552
2330001,0,-5.42984,0,3.61739,0.7026
2335001,0,-2.71853,0,1.62387,0.7198
2340001,2,-6.65858,0,0.343724,0.7506
2345001,1,-5.09961,0,0.401335,0.7388
2350001,1,-5.40201,0,1.16025,0.7436
2355001,0,-4.23039,0,1.56987,0.757
2360001,0,-6.6511,0,0.222699,0.7416
2365001,1,-8.13857,0,1.78888,0.7518
2370001,1,-5.36291,0,2.26811,0.7536
2375001,0,-7.29548,0,0.467944,0.762
2380001,0,-2.81245,0,1.32748,0.7158
2385001,0,-2.32498,0,0.0359911,0.7726
2390001,0,-4.87238,0,0.0285813,0.7562
2395001,0,-3.89845,0,1.91026,0.754
2400001,1,-4.12224,0,0.271612,0.7288
2405001,1,-8.80171,0,3.4904,0.7396
2410001,4,-14.1614,0,1.53835,0.732
2415001,1,-5.30171,0,0.471286,0.753
2420001,2,-7.71996,0,1.50742,0.7838
2425001,1,-3.88861,0,1.61327,0.769
2430001,0,-5.80112,0,0.0870241,0.7424
2435001,3,-10.564,0,0.053395,0.7616
2440001,1,-11.352,0,2.3347,0.7036
2445001,1,-8.38021,0,2.12018,0.7374
2450001,0,-7.52709,0,1.62501,0.7284
2455001,2,-10.6539,0,0.375356,0.7518
2460001,3,-17.3094,0,1.87777,0.7626
2465001,2,-8.27081,0,0.180491,0.7696
2470001,2,-6.99669,0,2.81911,0.7602
2475001,1,-8.53151,0,0.477929,0.7422
2480001,3,-7.51323,0,0.123176,0.7454
2485001,1,-5.94166,0,0.883052,0.7674
2490001,1,-5.18974,0,0.163053,0.7584
2495001,0,-6.28275,0,1.70849,0.7232
2500001,0,-2.78648,0,0.101628,0.7588
2505001,3,-9.89379,0,0.204417,0.7296
2510001,0,-3.87474,0,1.58229,0.7456
2515001,1,-3.4849,0,0.0349388,0.7528
2520001,0,-1.52256,0,0.000170067,0.7518
2525001,0,-5.06277,0,0.614334,0.739
2530001,0,-2.98306,0,0.43056,0.7332
2535001,1,-5.16924,0,1.264,0.7088
2540001,0,-4.56737,0,0.0425077,0.7336
2545001,1,-5.83319,0,2.14909,0.7254
2550001,1,-4.62519,0,0.00331487,0.7616
2555001,0,-5.87196,0,1.8137,0.7388
2560001,3,-11.671,0,0.0509008,0.7354
2565001,1,-3.15568,0,0.156855,0.735
2570001,2,-11.2222,0,1.7804,0.7238
2575001,1,-9.53658,0,0.11054,0.7754
2580001,0,-7.23757,0,0.366211,0.7464
2585001,0,-4.57268,0,0.525363,0.7318
2590001,0,-1.82411,0,0.254705,0.7508
2595001,3,-11.2393,0,0.265712,0.7446
2600001,2,-11.1486,0,0.00628654,0.7338
2605001,0,-2.35488,0,0.959541,0.7564
2610001,1,-3.63192,0,0.0560266,0.7548
2615001,1,-4.72625,0,0.495021,0.7554
2620001,1,-5.86017,0,0.0188748,0.746
2625001,0,-1.58644,0,0.834837,0.7496
2630001,4,-9.34572,0,0.0236565,0.7712
2635001,2,-5.45557,0,0.55525,0.7612
2640001,1,-8.5986,0,1.13504,0.7426
2645001,0,-3.50208,0,0.0771912,0.7998
2650001,3,-12.5581,0,1.062,0.7224
2655001,0,-5.28053,0,0.459706,0.7206
2660001,0,-3.19741,0,0.120406,0.7498
2665001,3,-13.5394,0,0.543415,0.7432
2670001,2,-10.0804,0,1.07073,0.7728
2675001,0,-2.87463,0,0.352925,0.7358
2680001,3,-17.1924,0,3.22378,0.7888
2685001,3,-7.73099,0,1.69746,0.739
2690001,1,-6.17116,0,2.02664,0.7498
2695001,0,-3.75928,0,2.49982,0.7496
2700001,0,-3.94076,0,0.507233,0.7396
2705001,0,-1.99921,0,0.487143,0.7592
2710001,2,-9.1596,0,0.335811,0.743
2715001,0,-1.13387,0,0.0308992,0.7904
2720001,0,-3.39327,0,1.0276,0.7412
2725001,0,-1.68171,0,0.157381,0.7518
2730001,0,-4.95606,0,2.61208,0.7614
2735001,2,-9.0211,0,1.24289,0.7282
2740001,0,-3.54221,0,0.577671,0.7398
2745001,0,-5.65112,0,1.26922,0.7398
2750001,1,-12.2626,0,4.07416,0.7468
2755001,0,-2.57401,0,1.34779,0.7582
2760001,1,-8.62797,0,0.601525,0.7204
2765001,0,-6.02881,0,1.39737,0.7624
2770001,1,-5.31322,0,1.20286,0.7388
2775001,1,-6.73806,0,1.49479,0.7414
2780001,2,-7.08585,0,0.520587,0.7308
2785001,0,-5.95238,0,1.24955,0.7214
2790001,1,-8.58244,0,0.501882,0.7228
2795001,1,-9.67254,0,2.32224,0.7236
2800001,1,-3.35848,0,0.0339929,0.7726
2805001,1,-6.1701,0,0.175289,0.7256
2810001,0,-1.06791,0,0.24322,0.737
2815001,1,-15.7165,0,0.955853,0.7516
2820001,4,-12.0928,0,0.32404,0.7644
2825001,1,-4.50552,0,1.35112,0.7604
2830001,2,-10.0469,0,0.375595,0.7644
2835001,1,-6.04191,0,0.841651,0.7414
2840001,0,-3.71787,0,2.63345,0.7634
2845001,1,-5.85082,0,0.151093,0.763
2850001,1,-7.20176,0,2.04168,0.719
2855001,3,-16.1812,0,3.16613,0.758
2860001,0,-1.86683,0,0.260822,0.734
2865001,0,-0.976521,0,0.369661,0.7604
2870001,1,-5.37579,0,0.63009,0.7508
2875001,2,-13.5916,0,0.664439,0.7754
2880001,1,-13.0647,0,2.25915,0.7036
2885001,3,-20.0666,0,2.04608,0.7366
2890001,2,-6.5834,0,0.615199,0.7576
2895001,0,-1.8446,0,0.310707,0.755
2900001,0,-2.61649,0,0.695857,0.7178
2905001,0,-5.12358,0,0.250595,0.7354
2910001,2,-7.47169,0,0.176943,0.7732
2915001,0,-3.90779,0,0.110098,0.735
2920001,1,-5.70037,0,0.480415,0.7722
2925001,0,-3.47896,0,1.38829,0.744
2930001,0,-2.25374,0,0.542814,0.7268
2935001,0,-5.12225,0,0.157104,0.7384
2940001,3,-13.5217,0,0.34032,0.7162
2945001,0,-7.46614,0,0.00902918,0.7246
2950001,1,-6.72927,0,1.85303,0.7674
2955001,0,-3.83121,0,0.748172,0.7702
2960001,0,-5.80009,0,1.26403,0.7242
2965001,0,-4.37046,0,0.0815142,0.739
2970001,0,-3.8272,0,0.228825,0.7622
2975001,1,-5.39505,0,0.967917,0.784
2980001,1,-15.3113,0,2.34829,0.764
2985001,0,-2.98502,0,0.471881,0.773
2990001,1,-2.5164,0,0.55676,0.7794
2995001,1,-4.33714,0,0.210912,0.767
3000001,0,-2.46519,0,0.308132,0.7156
3005001,1,-5.86234,0,0.709191,0.7618
3010001,1,-4.55921,0,0.215405,0.773
3015001,0,-3.49917,0,0.316245,0.7194
3020001,0,-3.46223,0,0.714965,0.7544
3025001,1,-5.91948,0,0.474483,0.7368
3030001,2,-8.87703,0,1.04492,0.7438
3035001,1,-6.74535,0,3.00269,0.7616
3040001,1,-9.99249,0,2.04315,0.709
3045001,2,-12.8066,0,1.74474,0.7126
3050001,2,-9.90644,0,1.30245,0.7146
3055001,0,-3.45336,0,0.124224,0.725
3060001,0,-6.09342,0,2.10277,0.7912
3065001,2,-13.5944,0,2.46373,0.7406
3070001,3,-10.6054,0,0.71383,0.7668
3075001,0,-3.05007,0,0.849149,0.6998
3080001,0,-1.04363,0,0.194913,0.6972
3085001,0,-4.10159,0,1.07072,0.728
3090001,1,-4.62311,0,0.0182725,0.7298
3095001,1,-4.52806,0,0.416521,0.7544
3100001,1,-4.98736,0,1.11491,0.71
3105001,2,-9.79768,0,0.0337771,0.757
3110001,1,-8.40257,0,1.13313,0.7936
3115001,1,-4.06566,0,0.41809,0.7888
3120001,0,-7.61506,0,1.68557,0.7364
3125001,0,-6.77386,0,2.96845,0.714
3130001,2,-7.06595,0,1.62818,0.762
3135001,0,-6.03705,0,1.19063,0.7646
3140001,1,-5.10705,0,0.00646027,0.7494
3145001,2,-8.61993,0,2.37764,0.7326
3150001,2,-6.24798,0,0.440953,0.7664
3155001,2,-16.3108,0,2.4657,0.7958
3160001,0,-6.15493,0,0.225535,0.726
3165001,0,-5.16901,0,0.0527947,0.7326
3170001,0,-1.55762,0,0.00512879,0.7356
3175001,1,-3.5906,0,0.336554,0.7546
3180001,3,-11.5757,0,0.554048,0.7492
3185001,1,-6.50157,0,3.50559,0.7736
3190001,0,-6.96802,0,4.6716,0.7272
3195001,0,-4.10894,0,0.319131,0.7306
3200001,0,-2.20311,0,1.00893,0.749
3205001,0,-1.92404,0,0.0308575,0.7212
3210001,2,-7.47493,0,0.630398,0.736
3215001,1,-3.97638,0,0.0950662,0.7898
3220001,2,-15.1848,0,0.895129,0.7488
3225001,1,-4.25699,0,0.501847,0.764
3230001,0,-3.41869,0,0.381511,0.7426
3235001,0,-2.90675,0,1.7583,0.7546
3240001,1,-12.976,0,0.777914,0.7328
3245001,1,-3.84283,0,1.38553,0.761
3250001,1,-4.90435,0,0.034499,0.7638
3255001,1,-6.9717,0,3.63923,0.7294
3260001,1,-5.50242,0,0.984574,0.7122
3265001,1,-8.57657,0,1.46948,0.772
3270001,0,-2.61609,0,0.386572,0.7306
3275001,2,-9.54826,0,0.64058,0.7354
3280001,2,-11.5192,0,1.21757,0.7718
3285001,1,-5.7723,0,0.434839,0.7412
3290001,1,-3.47807,0,1.33123,0.7548
3295001,0,-3.08238,0,0.185764,0.7308
3300001,1,-7.28209,0,0.932362,0.7006
3305001,2,-9.69159,0,1.33916,0.7568
3310001,2,-10.0571,0,1.18061,0.7428
3315001,0,-2.11009,0,0.0723022,0.7462
3320001,1,-5.95367,0,0.207703,0.761
3325001,1,-6.38186,0,0.656827,0.7632
3330001,3,-10.7686,0,1.18951,0.7728
3335001,1,-10.1767,0,5.52468,0.781
3340001,1,-4.5024,0,0.806751,0.7494
3345001,1,-9.06286,0,1.00531,0.752
3350001,0,-2.2016,0,0.255405,0.73
3355001,1,-3.56278,0,0.0349375,0.7824
3360001,0,-2.46955,0,0.298864,0.727
3365001,2,-9.33892,0,1.17699,0.78
3370001,0,-2.80704,0,0.370108,0.768
3375001,0,-2.03642,0,1.38337,0.7508
3380001,4,-16.6455,0,0.0357846,0.745
3385001,1,-8.71474,0,0.81707,0.7454
3390001,1,-6.60823,0,1.47049,0.748
3395001,2,-8.9067,0,1.07491,0.7672
3400001,0,-5.47484,0,1.59482,0.7682
3405001,0,-5.98702,0,0.607559,0.7342
3410001,0,-3.42027,0,1.95685,0.7538
3415001,0,-1.66896,0,0.537572,0.7564
3420001,0,-5.39378,0,1.39633,0.7226
3425001,1,-5.8667,0,1.18126,0.7056
3430001,0,-0.971162,0,0.183287,0.7486
3435001,2,-9.52106,0,0.863112,0.7522
3440001,2,-6.62655,0,0.206807,0.7388
3445001,0,-3.45884,0,1.028,0.742
3450001,1,-6.81099,0,0.356984,0.7204
3455001,1,-5.08477,0,1.90852,0.7496
3460001,1,-4.12424,0,1.25052,0.7424
3465001,2,-12.6699,0,0.177213,0.7772
3470001,2,-7.85899,0,2.19114,0.7154
3475001,0,-3.16207,0,0.379721,0.7492
3480001,1,-6.349,0,1.21969,0.7406
3485001,1,-4.42649,0,0.41447,0.7902
3490001,0,-3.01024,0,1.78219,0.7586
3495001,1,-4.70921,0,0.331598,0.7606
3500001,3,-8.24991,0,0.410678,0.7522
3505001,0,-1.85891,0,0.310152,0.7304
3510001,1,-7.7022,0,1.60029,0.7474
3515001,0,-3.92791,0,0.0993278,0.7278
3520001,1,-5.74143,0,0.233316,0.7562
3525001,2,-10.2015,0,1.52647,0.7576
3530001,2,-7.10566,0,0.426664,0.7844
3535001,2,-10.4579,0,0.108148,0.7326
3540001,2,-10.9857,0,1.06562,0.7108
3545001,1,-4.35151,0,0.0369619,0.7814
3550001,0,-3.4476,0,0.494752,0.7302
3555001,1,-3.42641,0,0.256007,0.765
3560001,1,-7.85746,0,0.737576,0.7614
3565001,1,-9.10028,0,0.0843415,0.7388
3570001,0,-2.142,0,0.187622,0.7166
3575001,3,-14.0798,0,0.510819,0.749
3580001,0,-3.78246,0,2.2822,0.7792
3585001,1,-4.91933,0,0.463374,0.7366
3590001,1,-8.78245,0,4.43551,0.7304
3595001,1,-6.5051,0,1.09688,0.771
3600001,1,-6.87763,0,0.792699,0.7686
3605001,0,-7.94043,0,0.590617,0.7358
3610001,3,-10.2061,0,0.529488,0.74
3615001,1,-5.70216,0,0.0774661,0.7458
3620001,3,-8.02471,0,0.39849,0.708
3625001,1,-7.30095,0,1.36168,0.7128
3630001,1,-5.45748,0,0.49292,0.7698
3635001,0,-8.35803,0,0.14851,0.7528
3640001,2,-7.23388,0,0.116382,0.7596
3645001,3,-11.073,0,0.865556,0.7172
3650001,0,-7.4139,0,2.50734,0.7498
3655001,2,-8.11801,0,3.01005,0.7504
3660001,1,-6.59005,0,1.46512,0.7456
3665001,2,-6.68318,0,0.715686,0.7456
3670001,1,-5.47764,0,0.117023,0.7548
3675001,2,-5.83044,0,0.0854718,0.747
3680001,3,-5.78094,0,0.165718,0.7456
3685001,0,-2.60196,0,0.082031,0.7858
3690001,0,-2.00087,0,0.260984,0.7468
3695001,0,-2.81203,0,1.17342,0.7804
3700001,0,-1.10505,0,0.374321,0.7582
3705001,0,-4.91645,0,0.877403,0.7452
3710001,3,-15.6976,0,1.50977,0.722
3715001,1,-8.39872,0,1.30284,0.7736
3720001,1,-4.75448,0,0.135631,0.7744
3725001,1,-9.95128,0,4.42996,0.7592
3730001,3,-13.8983,0,2.02174,0.757
3735001,0,-4.83246,0,1.97583,0.7494
3740001,2,-14.9455,0,0.432013,0.7814
3745001,0,-7.48211,0,2.55212,0.748
3750001,1,-5.25935,0,0.519086,0.7794
3755001,1,-8.37833,0,0.678742,0.74
3760001,1,-3.99607,0,0.239748,0.7724
3765001,0,-3.61686,0,1.61414,0.7506
3770001,0,-3.03344,0,0.694748,0.7356
3775001,1,-3.03427,0,0.823,0.7624
3780001,0,-6.05534,0,1.87138,0.7098
3785001,1,-8.6758,0,0.200172,0.7526
3790001,2,-11.1333,0,0.307056,0.793
3795001,5,-15.7708,0,0.7821,0.7652
3800001,2,-6.24317,0,0.413316,0.7516
3805001,0,-2.17928,0,0.0968,0.7872
3810001,1,-8.25993,0,0.918535,0.7652
3815001,1,-7.80743,0,0.344855,0.751
3820001,1,-7.46132,0,0.599962,0.752
3825001,0,-3.43661,0,0.525605,0.7722
3830001,2,-10.3404,0,0.0217467,0.6916
3835001,0,-4.69237,0,1.64311,0.7722
3840001,0,-1.7304,0,0.22832,0.7096
3845001,1,-2.72725,0,0.335908,0.7278
3850001,0,-1.34258,0,0.172503,0.7572
3855001,0,-1.54836,0,0.0962887,0.729
3860001,1,-7.56156,0,0.878721,0.751
3865001,1,-6.10093,0,0.272561,0.7176
3870001,2,-3.26111,0,0.685358,0.7452
3875001,0,-2.46344,0,1.05829,0.7276
3880001,0,-1.56376,0,0.153093,0.743
3885001,0,-2.55373,0,0.0419921,0.7402
3890001,1,-6.2362,0,0.755813,0.7806
3895001,2,-11.2443,0,0.450136,0.7848
3900001,0,-3.10638,0,0.0352613,0.7826
3905001,1,-7.92682,0,3.78476,0.769
3910001,0,-3.03312,0,0.1106,0.7434
3915001,1,-7.48725,0,1.86252,0.708
3920001,0,-3.25656,0,0.253947,0.7098
3925001,1,-8.40551,0,2.76036,0.735
3930001,3,-9.40701,0,0.0228307,0.7528
3935001,0,-4.84812,0,0.0517654,0.7228
3940001,1,-5.82595,0,2.45372,0.7702
3945001,1,-10.4844,0,0.782489,0.749
3950001,0,-2.2493,0,0.275599,0.7674
3955001,3,-8.64912,0,0.114201,0.7778
3960001,0,-1.25468,0,0.276642,0.7416
3965001,3,-15.0975,0,1.11738,0.7048
3970001,0,-3.82744,0,0.746735,0.7598
3975001,2,-14.6507,0,0.532908,0.745
3980001,0,-3.81191,0,2.39026,0.713
3985001,0,-2.53172,0,0.576642,0.7326
3990001,1,-3.29429,0,0.221061,0.7388
3995001,0,-2.72591,0,0.361868,0.7428
4000001,2,-11.644,0,1.29524,0.7314
4005001,1,-5.94365,0,0.758868,0.751
4010001,1,-8.36637,0,3.83891,0.7518
4015001,1,-10.5426,0,1.36837,0.7588
4020001,0,-3.72165,0,2.86516,0.7394
4025001,1,-9.92108,0,0.171713,0.7382
4030001,2,-6.79807,0,1.0974,0.7684
4035001,2,-7.41609,0,1.62296,0.7362
4040001,0,-2.57287,0,0.715732,0.7512
4045001,2,-9.50396,0,2.41093,0.7602
4050001,2,-7.00412,0,2.44171,0.7766
4055001,0,-3.37129,0,0.122087,0.7322
4060001,1,-8.76068,0,2.59991,0.749
4065001,1,-6.80057,0,2.66838,0.7046
4070001,3,-14.1269,0,0.550186,0.7918
4075001,0,-10.7278,0,2.14423,0.778
4080001,0,-2.51629,0,0.594825,0.7392
4085001,1,-6.54392,0,0.213304,0.7558
4090001,2,-10.9574,0,2.15152,0.7444
4095001,2,-5.3751,0,0.774328,0.7578
4100001,2,-5.12693,0,0.137172,0.7482
4105001,3,-9.51571,0,0.0397342,0.75
4110001,0,-2.32562,0,1.41937,0.7504
4115001,0,-1.61507,0,0.191208,0.765
4120001,0,-3.57968,0,1.59265,0.7606
4125001,0,-6.85045,0,1.09842,0.7142
4130001,0,-1.64151,0,0.66028,0.763
4135001,4,-11.5223,0,0.44426,0.7588
4140001,0,-1.93612,0,0.529935,0.731
4145001,1,-8.7974,0,0.113222,0.748
4150001,0,-3.56397,0,0.18463,0.8
4155001,0,-2.43986,0,0.632028,0.7208
4160001,0,-4.03887,0,1.91541,0.769
4165001,2,-12.5258,0,3.30734,0.7322
4170001,0,-4.50214,0,0.848539,0.7402
4175001,1,-6.94985,0,2.51408,0.6978
4180001,0,-3.21598,0,0.132744,0.7524
4185001,0,-3.95642,0,0.870485,0.747
4190001,1,-2.38013,0,0.820164,0.7504
4195001,2,-7.21722,0,0.336196,0.7634
4200001,2,-9.37074,0,0.884026,0.7378
4205001,1,-4.89236,0,0.988643,0.7552
4210001,0,-3.34825,0,1.69985,0.7576
4215001,1,-6.13703,0,2.22877,0.7236
4220001,2,-10.8805,0,0.218542,0.7228
4225001,0,-3.25137,0,2.23353,0.7218
4230001,1,-4.04111,0,0.201675,0.7326
4235001,0,-3.17474,0,1.40287,0.7436
4240001,0,-4.18319,0,0.669899,0.74
4245001,2,-8.20103,0,1.69855,0.7416
4250001,1,-5.48666,0,3.27947,0.7262
4255001,0,-3.84757,0,0.172593,0.7756
4260001,0,-2.20497,0,0.00347062,0.7326
4265001,0,-5.40135,0,2.65124,0.7428
4270001,1,-6.03738,0,0.347792,0.7668
4275001,3,-16.3153,0,0.252281,0.7894
4280001,1,-5.11436,0,0.333829,0.7472
4285001,3,-6.29577,0,0.855754,0.7534
4290001,0,-3.41756,0,0.232129,0.7478
4295001,1,-5.95056,0,1.30125,0.7878
4300001,0,-3.99721,0,0.911917,0.7286
4305001,0,-6.49336,0,0.144272,0.766
4310001,0,-5.63752,0,2.34499,0.756
4315001,1,-7.02089,0,3.18643,0.7448
4320001,0,-1.9327,0,0.0115138,0.7338
4325001,0,-8.0841,0,4.97764,0.7454
4330001,1,-8.71138,0,0.294138,0.7734
4335001,2,-9.07284,0,1.27841,0.7532
4340001,0,-2.96871,0,0.953282,0.762
4345001,3,-15.6758,0,0.529841,0.7654
4350001,0,-1.93962,0,0.093592,0.717
4355001,1,-6.40993,0,0.365948,0.7296
4360001,1,-8.70077,0,1.81324,0.7628
4365001,1,-7.07913,0,1.02766,0.737
4370001,2,-4.18699,0,0.125442,0.7672
4375001,1,-4.37586,0,0.311506,0.7904
4380001,1,-13.6498,0,2.09664,0.7832
4385001,2,-8.89916,0,0.695069,0.782
4390001,0,-1.9536,0,0.821552,0.7348
4395001,0,-4.71516,0,1.01943,0.7644
4400001,0,-5.89906,0,1.09349,0.7738
4405001,0,-3.37709,0,0.119067,0.7054
4410001,4,-19.0754,0,1.12429,0.7824
4415001,2,-11.6943,0,0.602539,0.7578
4420001,2,-11.6083,0,0.517369,0.7366
4425001,0,-5.75516,0,1.60042,0.7282
4430001,1,-8.69675,0,0.976705,0.762
4435001,1,-6.58867,0,1.05722,0.7552
4440001,1,-6.85255,0,1.06739,0.7538
4445001,2,-11.5524,0,1.69524,0.7616
4450001,0,-5.3065,0,1.40614,0.7604
4455001,0,-5.99462,0,0.450617,0.7832
4460001,1,-7.845,0,0.446076,0.732
4465001,2,-7.68905,0,0.218452,0.7832
4470001,1,-4.57402,0,1.03936,0.743
4475001,0,-3.65628,0,0.0827191,0.7202
4480001,0,-2.03916,0,0.124448,0.7552
4485001,0,-6.11932,0,3.02237,0.763
4490001,0,-3.35592,0,1.19581,0.745
4495001,1,-4.46296,0,1.43313,0.7518
4500001,0,-5.43444,0,0.31603,0.7496
4505001,0,-5.63444,0,1.21055,0.7436
4510001,0,-2.01469,0,1.07677,0.7374
4515001,1,-9.59639,0,1.81209,0.7672
4520001,2,-5.37064,0,0.938135,0.7614
4525001,1,-5.52006,0,1.59178,0.728
4530001,0,-3.01202,0,0.216879,0.7382
4535001,0,-2.27329,0,0.125537,0.7328
4540001,1,-5.48921,0,0.323373,0.7058
4545001,2,-12.1396,0,2.27743,0.7652
4550001,0,-2.13221,0,0.455798,0.7486
4555001,1,-7.99457,0,0.28846,0.7352
4560001,1,-5.20371,0,0.369505,0.7306
4565001,1,-4.52627,0,0.0507486,0.7592
4570001,0,-3.08681,0,1.10472,0.714
4575001,0,-2.24891,0,1.64699,0.7148
4580001,1,-9.67922,0,3.50173,0.737
4585001,2,-9.64269,0,0.842163,0.7442
4590001,0,-5.05984,0,0.0140969,0.7194
4595001,0,-4.56792,0,0.948362,0.7184
4600001,1,-7.35706,0,0.366445,0.7538
4605001,1,-5.60374,0,0.108624,0.7612
4610001,0,-4.52751,0,0.0636506,0.7376
4615001,0,-2.06363,0,0.0256908,0.7126
4620001,1,-6.52791,0,1.95367,0.7154
4625001,1,-4.49781,0,0.501065,0.7348
4630001,1,-15.5199,0,0.943748,0.7368
4635001,1,-3.39254,0,1.03916,0.768
4640001,0,-3.15327,0,0.752794,0.7448
4645001,1,-7.40185,0,0.00447676,0.7518
4650001,1,-5.48818,0,0.46789,0.7302
4655001,0,-3.86951,0,0.861232,0.7104
4660001,0,-3.2082,0,1.62893,0.7624
4665001,2,-6.11736,0,1.00677,0.723
4670001,3,-6.26691,0,0.224953,0.7358
4675001,1,-8.04919,0,3.61775,0.7972
4680001,1,-3.70366,0,0.704138,0.7548
4685001,1,-8.58475,0,3.85029,0.7424
4690001,0,-1.86605,0,0.379214,0.7458
4695001,1,-4.63613,0,2.15174,0.7256
4700001,4,-8.58832,0,1.1067,0.7294
4705001,2,-12.9051,0,5.38561,0.7916
4710001,2,-9.78824,0,1.1257,0.7668
4715001,0,-2.11518,0,0.629817,0.7372
4720001,1,-4.95929,0,1.81459,0.7694
4725001,2,-3.80745,0,0.591185,0.7064
4730001,3,-8.38226,0,0.677094,0.7458
4735001,1,-3.33422,0,0.093716,0.7364
4740001,3,-10.7732,0,3.72793,0.7836
4745001,2,-7.47618,0,3.2757,0.752
4750001,0,-2.55833,0,0.951162,0.7008
4755001,2,-10.3744,0,0.0647034,0.729
4760001,1,-7.24688,0,2.92069,0.7274
4765001,0,-3.46117,0,0.00287304,0.7804
4770001,1,-5.70681,0,0.149821,0.7316
4775001,2,-7.9249,0,0.307075,0.7262
4780001,0,-3.21409,0,0.716788,0.7266
4785001,2,-11.3853,0,0.0321725,0.7564
4790001,0,-3.64972,0,0.673804,0.7568
4795001,1,-8.71673,0,0.58396,0.7544
4800001,0,-1.54303,0,0.0760017,0.7522
4805001,0,-1.70044,0,0.880407,0.7246
4810001,0,-3.77822,0,0.010968,0.715
4815001,0,-1.07235,0,0.317412,0.7208
4820001,0,-1.36671,0,0.175313,0.7548
4825001,2,-12.9284,0,1.81114,0.7436
4830001,0,-5.12714,0,3.63619,0.7136
4835001,0,-2.61717,0,1.52933,0.735
4840001,0,-2.65686,0,0.964928,0.7444
4845001,1,-14.229,0,1.93216,0.7182
4850001,0,-3.34525,0,0.98252,0.7416
4855001,0,-3.19857,0,0.170198,0.7834
4860001,1,-9.04572,0,1.29759,0.7614
4865001,1,-6.88712,0,1.29754,0.752
4870001,2,-7.6291,0,0.53176,0.7496
4875001,0,-5.30058,0,2.88421,0.7046
4880001,1,-3.0328,0,0.19206,0.7128
4885001,1,-5.2602,0,0.340391,0.7182
4890001,0,-2.7988,0,0.536518,0.7732
4895001,0,-3.54086,0,0.725427,0.7284
4900001,0,-1.8645,0,0.0642261,0.7234
4905001,0,-3.62799,0,1.90377,0.7262
4910001,1,-10.6763,0,3.79292,0.7548
4915001,0,-1.59217,0,0.121301,0.7558
4920001,4,-19.4451,0,3.71133,0.7398
4925001,0,-3.35173,0,0.0393613,0.7492
4930001,1,-6.87317,0,1.39976,0.7496
4935001,0,-2.72512,0,0.00628077,0.7358
4940001,3,-11.8453,0,0.705858,0.7362
4945001,1,-7.00347,0,0.979541,0.7286
4950001,0,-5.07598,0,1.76527,0.7658
4955001,3,-13.2778,0,3.40242,0.7528
4960001,0,-3.38556,0,0.418801,0.7188
4965001,3,-13.2551,0,1.86293,0.702
4970001,3,-6.7338,0,0.0963576,0.761
4975001,1,-8.71391,0,0.493902,0.758
4980001,0,-3.02595,0,1.20668,0.7344
4985001,1,-4.24155,0,0.778182,0.7576
4990001,0,-7.83266,0,2.3507,0.7392
4995001,3,-8.44807,0,0.237924,0.7688
